      20
      19
      19
      19
      19
      21
      21
      21
      11
      19
      19
      21
      19
      21
      17
      15
      16
      12
      14
      14
      14
      13
      11
      13
      13
      13
      13
      11
      12
      13
      11
       9
      11
      11
      10
      13
      11
      11
      11
      11
      12
      11
      11
      11
      11
      13
      14
      13
      11
      11
      10
      13
      11
      12
      14
      13
      13
      13
      11
      14
      11
      11
      13
      13
      12
      11
