file#
file#
file#
file#
file#
file#
file#
file#
file#
file#
file#
file#
file#
file#
file#
20070101,0.00017305785844
20070102,0.000217381230476
20070103,0.000227236182768
20070104,0.000248884966908
20070105,0.000289476616758
20070107,0.000203442847767
20070108,0.000237821292005
20070109,0.000221533587322
20070110,0.000214261016997
20070111,0.000251266428417
20070112,0.000223737497069
20070114,0.000176679919809
20070115,0.000190541230095
20070116,0.000284062561262
20070117,0.000210052294016
20070118,0.000218742169872
20070119,0.000198855214782
20070121,0.000168023692957
20070122,0.000192152093348
20070123,0.000199577377269
20070124,0.000332658718525
20070125,0.000262803470359
20070126,0.000250561699366
20070128,0.000186268385958
20070129,0.000212104388887
20070130,0.00024618173363
20070131,0.000281970973078
20070201,0.000238343358561
20070202,0.000290284725662
20070204,0.000208795888025
20070205,0.000221230861355
20070206,0.000213587435983
20070207,0.000230732194472
20070208,0.000224524515604
20070209,0.000272349486896
20070211,0.00018225621657
20070212,0.000214850853918
20070213,0.000196559867798
20070214,0.000268720955971
20070215,0.000241682775774
20070216,0.000214052233384
20070218,0.000222174005125
20070219,0.000205546326139
20070220,0.000219518468535
20070221,0.000231888005621
20070222,0.000193755761388
20070223,0.000204197572651
20070225,0.000163439162606
20070226,0.000191352573343
20070227,0.00030759264455
20070228,0.00028807531764
20070301,0.000325817264724
20070302,0.000307720602554
20070304,0.000411363239698
20070305,0.000388633488519
20070306,0.000281510008121
20070307,0.000318159580835
20070308,0.000259707705327
20070309,0.000287539605877
20070311,0.000229765491946
20070312,0.000294031032466
20070313,0.000341200324477
20070314,0.000339713986693
20070315,0.000286721472902
20070316,0.000276695608015
20070318,0.000308936936296
20070319,0.000266304836741
20070320,0.000240684839544
20070321,0.000256089997779
20070322,0.00022233205088
20070323,0.000258026326239
20070325,0.000243408483932
20070326,0.000230424314445
20070327,0.000239420025821
20070328,0.000289875495041
20070329,0.000270323000637
20070330,0.000338079473063
20070401,0.000248288936219
20070402,0.000222823176553
20070403,0.000219572560001
20070404,0.00024012922512
20070405,0.000213038529087
20070406,0.000239112174128
20070408,0.000197430085579
20070409,0.000225451495003
20070410,0.000211709618124
20070411,0.000186411494274
20070412,0.000248298517157
20070413,0.000261902103366
20070415,0.000208895127114
20070416,0.000191158960336
20070417,0.000242825459454
20070418,0.000280305056967
20070419,0.000319019301681
20070420,0.000204811642955
20070422,0.000197961504749
20070423,0.000231130116989
20070424,0.000221970114594
20070425,0.000251997515226
20070426,0.000254428459368
20070427,0.000292733499939
20070429,0.000206520762968
20070430,0.000225703070519
20070501,0.000220750544868
20070502,0.00020021583203
20070503,0.000206490945439
20070504,0.000248209821649
20070506,0.0002193069981
20070507,0.000183782119048
20070508,0.000206712391392
20070509,0.000218175328891
20070510,0.000245313037009
20070511,0.000255079475387
20070513,0.000243417140975
20070514,0.000190938090686
20070515,0.000224890982459
20070516,0.000211026437199
20070517,0.000193602040073
20070518,0.000277434826536
20070520,0.000182272550203
20070521,0.000186602522639
20070522,0.000182467309389
20070523,0.000192255202988
20070524,0.00021831927122
20070525,0.000221034943784
20070527,0.000145166292301
20070528,0.000172881751737
20070529,0.000209574873799
20070530,0.000204708506288
20070531,0.000218132893016
20070601,0.000229409309264
20070603,0.000143903446388
20070604,0.00017410322967
20070605,0.000238036434084
20070606,0.000251451267381
20070607,0.000263588857668
20070608,0.000313053150371
20070610,0.000521967555536
20070611,0.0002223828164
20070612,0.000199236553413
20070613,0.000246907416589
20070614,0.00018831979562
20070615,0.000200462678574
20070617,0.000199330106592
20070618,0.000185699390822
20070619,0.000182763072958
20070620,0.000210306989356
20070621,0.000197738221032
20070622,0.000274047997292
20070624,0.000206712020606
20070625,0.000207987006211
20070626,0.000211811107721
20070627,0.000258440744671
20070628,0.00024805958774
20070629,0.000238898064142
20070701,0.00022801851983
20070702,0.000239107198397
20070703,0.000186490220056
20070704,0.000167001200511
20070705,0.000191201431839
20070706,0.000204607665185
20070708,0.000168796328018
20070709,0.000182321713627
20070710,0.000271374566889
20070711,0.000266634901843
20070712,0.000227842383462
20070713,0.000216791406028
20070715,0.000237513943193
20070716,0.00019728766011
20070717,0.000187417880212
20070718,0.000196897065987
20070719,0.000174121930945
20070720,0.000251734866358
20070722,0.000230838156686
20070723,0.000219309867791
20070724,0.000259454859731
20070725,0.000268115963791
20070726,0.000422899756532
20070727,0.000566448822963
20070729,0.000453777390989
20070730,0.000381529610739
20070731,0.000342168003864
20070801,0.00047913886571
20070802,0.000297723428024
20070803,0.000381586265403
20070805,0.000290482069811
20070806,0.00027563912269
20070807,0.000325472958838
20070808,0.000322609024875
20070809,0.000472261850543
20070810,0.000473520627609
20070812,0.000266571418994
20070813,0.000356026165352
20070814,0.000337851792254
20070815,0.000620744362899
20070816,0.00112024124311
20070817,0.00123800479815
20070819,0.000606441154995
20070820,0.000573099915206
20070821,0.000530483518939
20070822,0.000364936266311
20070823,0.000467127097556
20070824,0.00043736281036
20070826,0.000309373812655
20070827,0.000339572454691
20070828,0.000440023495306
20070829,0.000448689106723
20070830,0.000462342783893
20070831,0.000493456517089
20070902,0.000249230202859
20070903,0.000301727262977
20070904,0.000335879920432
20070905,0.000401072570985
20070906,0.000310296888706
20070907,0.000421372063515
20070909,0.000372608123896
20070910,0.0003396835686
20070911,0.000306330217552
20070912,0.000293767106112
20070913,0.000365858165835
20070914,0.000377347528955
20070916,0.0002267525681
20070917,0.000323433565522
20070918,0.000560251062096
20070919,0.000319671072718
20070920,0.000566629387308
20070921,0.000298061308252
20070923,0.00021531445227
20070924,0.000258624021032
20070925,0.000319631915516
20070926,0.000249780616759
20070927,0.000286754111546
20070928,0.000305749915159
20070930,0.000249472328467
20071001,0.000309012440132
20071002,0.000318035863695
20071003,0.000282663722246
20071004,0.000262045396837
20071005,0.00031580612836
20071007,0.000226941321175
20071008,0.000249747450744
20071009,0.000246559884802
20071010,0.000233200018127
20071011,0.000303217792748
20071012,0.000305036079716
20071014,0.00036368677179
20071015,0.000285876763017
20071016,0.000575473891886
20071017,0.000416519549395
20071018,0.000411182609634
20071019,0.000460655851576
20071021,0.000468220838025
20071022,0.000410179698791
20071023,0.000356782680287
20071024,0.00042593329005
20071025,0.000327892113918
20071026,0.000278921529224
20071028,0.000219794459291
20071029,0.000244091525082
20071030,0.000271336689305
20071031,0.000320715472317
20071101,0.000405877613084
20071102,0.000505446354366
20071104,0.000261713124226
20071105,0.000323095505848
20071106,0.000310605718631
20071107,0.000491451442678
20071108,0.000440616737277
20071109,0.000592942144043
20071111,0.000565906849589
20071112,0.000544203228074
20071113,0.000426092114942
20071114,0.000449547364798
20071115,0.000484594286322
20071116,0.00050235846475
20071118,0.000261596063757
20071119,0.000398130298607
20071120,0.000463221124463
20071121,0.000504239586178
20071122,0.000322111217504
20071123,0.000367917154983
20071125,0.000382969333909
20071126,0.000427543243886
20071127,0.000417408357416
20071128,0.000407802805434
20071129,0.000402035478863
20071130,0.000396415986271
20071202,0.00032368159759
20071203,0.000303162594328
20071204,0.0003200779702
20071205,0.000336665930716
20071206,0.000268708076104
20071207,0.000307474056911
20071209,0.000252658614486
20071210,0.000258724570073
20071211,0.000477811481351
20071212,0.000445844937229
20071213,0.000349229385198
20071214,0.000330147806781
20071216,0.000259201130644
20071217,0.000301032612801
20071218,0.000281373782026
20071219,0.000307181434401
20071220,0.000265678304686
20071221,0.000288554466098
20071223,0.000231925998918
20071224,0.000197141186359
20071226,0.000267700107589
20071227,0.00027394013609
20071228,0.000305944187127
20071230,0.000236678670739
20071231,0.000335535819691
20080101,0.000204126486809
20080102,0.000330093846198
20080103,0.000351598211821
20080104,0.000415930213075
20080106,0.000307735107998
20080107,0.000322881148318
20080108,0.000314215084982
20080109,0.000319970626099
20080110,0.000346115830515
20080111,0.000348902379584
20080113,0.000301139027081
20080114,0.000284094757237
20080115,0.000403310681878
20080116,0.000509448988841
20080117,0.000510525126925
20080118,0.000507506460044
20080120,0.000329032551044
20080121,0.000428577269526
20080122,0.000700095824657
20080123,0.000536406048158
20080124,0.000441157656198
20080125,0.000416275315792
20080127,0.000281137409325
20080128,0.00035647280544
20080129,0.000298144046447
20080130,0.000480261532519
20080131,0.000419999655485
20080201,0.000494799878888
20080203,0.000258156364096
20080204,0.000269109044129
20080205,0.000366599529754
20080206,0.000372474956117
20080207,0.000414356513081
20080208,0.000346997562346
20080210,0.000250372383529
20080211,0.000298580927012
20080212,0.00028954782258
20080213,0.000329172671549
20080214,0.000308081043692
20080215,0.000343415156479
20080217,0.000264676954403
20080218,0.000227904719764
20080219,0.000291339785283
20080220,0.000331360750479
20080221,0.000293596993571
20080222,0.000318569002026
20080224,0.000216367332459
20080225,0.000275721909241
20080226,0.000285799278057
20080227,0.000282288214767
20080228,0.000340341911952
20080229,0.000480766878985
20080302,0.000403271987258
20080303,0.000369464257357
20080304,0.000367552626912
20080305,0.000369917734563
20080306,0.000336988416153
20080307,0.000534966815153
20080309,0.000264741390113
20080310,0.00036661698487
20080311,0.000394949123418
20080312,0.000391223513967
20080313,0.000407887541826
20080314,0.000558354279546
20080316,0.00108731088184
20080317,0.000596781965721
20080318,0.000582805819105
20080319,0.000578959704785
20080320,0.000446031117571
20080321,0.000261652855091
20080323,0.000263775854058
20080324,0.000307243865404
20080325,0.000350509767286
20080326,0.000397204274271
20080327,0.000373960550718
20080328,0.000367278759812
20080330,0.000358192399005
20080331,0.000341832375375
20080401,0.00035003651306
20080402,0.000332544612117
20080403,0.000337810286
20080404,0.000437900821091
20080406,0.000287994671072
20080407,0.000289123112078
20080408,0.000293630269336
20080409,0.000312065116044
20080410,0.000383010971729
20080411,0.000394476433763
20080413,0.000337908026339
20080414,0.000336387213721
20080415,0.000309295707306
20080416,0.000319688144786
20080417,0.00032317347057
20080418,0.000375951414107
20080420,0.000233862167889
20080421,0.000297898979059
20080422,0.000320681825111
20080423,0.000291594273384
20080424,0.000326275364157
20080425,0.000382946368971
20080427,0.000190177879577
20080428,0.000251617270494
20080429,0.000303097163088
20080430,0.000324766883676
20080501,0.000303378407788
20080502,0.00033927322844
20080504,0.000225463638305
20080505,0.000250433442884
20080506,0.000267779609693
20080507,0.000333644675608
20080508,0.000328822222532
20080509,0.0003234636765
20080511,0.000279002016632
20080512,0.000291708762568
20080513,0.000310374155974
20080514,0.000322612847492
20080515,0.000308859938593
20080516,0.000338856609899
20080518,0.000208554562504
20080519,0.000255487730557
20080520,0.000281331043605
20080521,0.000326140509194
20080522,0.000311012873471
20080523,0.000291010919281
20080525,0.000232646800953
20080526,0.00022102980955
20080527,0.000253184986943
20080528,0.00026312721631
20080529,0.000280267430159
20080530,0.000267975939359
20080601,0.000248145448245
20080602,0.000278544093302
20080603,0.000298723282965
20080604,0.000362550216306
20080605,0.000306605965677
20080606,0.00033387325307
20080608,0.000243839945975
20080609,0.00031441625458
20080610,0.000320552334533
20080611,0.000284424500287
20080612,0.00029428078337
20080613,0.000276086896945
20080615,0.000216379776204
20080616,0.000253886787051
20080617,0.000259605310863
20080618,0.000218559940527
20080619,0.000235054006622
20080620,0.000245884273575
20080622,0.00022163771464
20080623,0.000226143610503
20080624,0.000223944668888
20080625,0.000241190112087
20080626,0.000248842253426
20080627,0.000305521938085
20080629,0.000218988081331
20080630,0.000276109534596
20080701,0.000288811108758
20080702,0.00025142799529
20080703,0.000262051928062
20080704,0.000227380923603
20080706,0.000239483671752
20080707,0.000238699218062
20080708,0.00024980851951
20080709,0.000254559687921
20080710,0.000237361051657
20080711,0.000339486722086
20080713,0.000281654304755
20080714,0.000236937092335
20080715,0.00031117977323
20080716,0.000265751483803
20080717,0.000289340428701
20080718,0.000250672827404
20080720,0.000174895415879
20080721,0.000237017720155
20080722,0.000229866269024
20080723,0.000356682406082
20080724,0.000268687921886
20080725,0.000299598667567
20080727,0.000225191793897
20080728,0.000212141018963
20080729,0.000235314294002
20080730,0.000274914709734
20080731,0.000279987559735
20080801,0.000325213243458
20080803,0.000207353963645
20080804,0.000220701478626
20080805,0.00026235457037
20080806,0.000264876816262
20080807,0.000303972455799
20080808,0.000347761482388
20080810,0.000353536540083
20080811,0.000304289759049
20080812,0.000380555419261
20080813,0.000405083921992
20080814,0.000358291431504
20080815,0.000323064070202
20080817,0.000309310502224
20080818,0.000279197349711
20080819,0.000284043382604
20080820,0.000259451855168
20080821,0.000302355055391
20080822,0.00028247452305
20080824,0.000297758217138
20080825,0.000280702499733
20080826,0.000320151888136
20080827,0.000294053923772
20080828,0.00029962401045
20080829,0.000329008229892
20080831,0.000300217316425
20080901,0.000314500758535
20080902,0.000371856244711
20080903,0.000392184777476
20080904,0.000534224164666
20080905,0.000673334539413
20080907,0.000688837231636
20080908,0.000545556873359
20080909,0.000552037314424
20080910,0.000569516643666
20080911,0.000526940736645
20080912,0.000502896450261
20080914,0.000640552639581
20080915,0.000669415574719
20080916,0.000827539335462
20080917,0.000697565705703
20080918,0.000700284352745
20080919,0.000591151930344
20080921,0.00052676470883
20080922,0.000491403509583
20080923,0.00048860998825
20080924,0.000406413631851
20080925,0.000428983223252
20080926,0.000426887645987
20080928,0.000370110527366
20080929,0.000577996251129
20080930,0.000532696580086
20081001,0.000503477753726
20081002,0.000463334917191
20081003,0.00062701615978
20081005,0.000528974252153
20081006,0.00129088925798
20081007,0.00118702761694
20081008,0.00186819164479
20081009,0.00128660170141
20081010,0.00159160931256
20081012,0.00109488561946
20081013,0.000871673813293
20081014,0.00096559309229
20081015,0.00106136009372
20081016,0.00113215671915
20081017,0.00091939407492
20081019,0.000749275360179
20081020,0.00073470300291
20081021,0.00075678522374
20081022,0.00105023473461
20081023,0.00114317225068
20081024,0.00182390340355
20081026,0.0014772347777
20081027,0.00116002494434
20081028,0.00124660420402
20081029,0.00131335476086
20081030,0.00108656306441
20081031,0.00128069088245
20081102,0.00065755530335
20081103,0.000815055514599
20081104,0.00086686629064
20081105,0.000870338354158
20081106,0.0010212933229
20081107,0.000852201931994
20081109,0.000678551093041
20081110,0.000705965412217
20081111,0.000740436036927
20081112,0.00102315101802
20081113,0.00115175823989
20081114,0.00100109954474
20081116,0.000799115906735
20081117,0.00076359466617
20081118,0.000692560831002
20081119,0.000743442565954
20081120,0.00117109672962
20081121,0.000996402403003
20081123,0.000935135499499
20081124,0.000744005008371
20081125,0.000967962845718
20081126,0.000693600518616
20081127,0.000504818376754
20081128,0.000561488657546
20081130,0.000490939952829
20081201,0.00067329965955
20081202,0.00072388219246
20081203,0.000687832263355
20081204,0.000683458677227
20081205,0.000877839577445
20081207,0.000511423251521
20081208,0.000666877425299
20081209,0.000666524813544
20081210,0.0006301104768
20081211,0.000834323255146
20081212,0.000880164116697
20081214,0.000704556398667
20081215,0.000591686926292
20081216,0.00066815744535
20081217,0.000764723548355
20081218,0.000885682736484
20081219,0.000825158627515
20081221,0.00056702160205
20081222,0.000618232083869
20081223,0.000500961340054
20081224,0.000530245510109
20081226,0.000580410302893
20081228,0.000623720176
20081229,0.000484708175347
20081230,0.000533447890449
20081231,0.000626173213563
20090101,0.000667651816256
20090102,0.000598274537218
20090104,0.000524672390911
20090105,0.000560398773623
20090106,0.000554845120703
20090107,0.000540318788502
20090108,0.000560925934854
20090109,0.000631933729551
20090111,0.000476704144692
20090112,0.000561488199454
20090113,0.000617412872036
20090114,0.000688979046508
20090115,0.000770794755832
20090116,0.000713153958631
20090118,0.00048770287052
20090119,0.000567247300396
20090120,0.000667409786711
20090121,0.000930294479585
20090122,0.000741597554261
20090123,0.000795765599411
20090125,0.000618021548814
20090126,0.000700689699702
20090127,0.000664006046877
20090128,0.000716763415138
20090129,0.000633769308186
20090130,0.000653539203922
20090201,0.000521879144028
20090202,0.0006594943867
20090203,0.000615500630958
20090204,0.000733259937583
20090205,0.000767882328715
20090206,0.000751875178546
20090208,0.000594892626852
20090209,0.000676099512121
20090210,0.00091505664461
20090211,0.000689588773183
20090212,0.000733113780773
20090213,0.000708299121115
20090215,0.000515989928631
20090216,0.000540684264977
20090217,0.000590333426618
20090218,0.000581211065435
20090219,0.000563975860014
20090220,0.000743838873419
20090222,0.000618713981467
20090223,0.000625707406856
20090224,0.00058023439613
20090225,0.000544083842717
20090226,0.000496586856927
20090227,0.000727158600205
20090301,0.000616837880932
20090302,0.000603471120316
20090303,0.000569288818158
20090304,0.000520509479636
20090305,0.000593025849659
20090306,0.000737437883611
20090308,0.000454206582848
20090309,0.000563159098764
20090310,0.000547689498913
20090311,0.000618297178459
20090312,0.000639607689022
20090313,0.000599006377549
20090315,0.000450456243629
20090316,0.000435086819757
20090317,0.000421215476014
20090318,0.000608891122379
20090319,0.000585359438159
20090320,0.000563824098477
20090322,0.000413787857525
20090323,0.000476048002792
20090324,0.00055298316123
20090325,0.000586367599976
20090326,0.000473809383133
20090327,0.000602468566867
20090329,0.00050280461054
20090330,0.000566669605598
20090331,0.000659906142407
20090401,0.000532110271429
20090402,0.000562912842047
20090403,0.000662669555167
20090405,0.000450194372212
20090406,0.000511170129285
20090407,0.000570621127034
20090408,0.000505589405113
20090409,0.000459778324543
20090410,0.000317813687718
20090412,0.000564646534355
20090413,0.000407701237621
20090414,0.000504940860925
20090415,0.000563621920781
20090416,0.000577505182372
20090417,0.000457197689819
20090419,0.000530161877636
20090420,0.000510907178861
20090421,0.00058087282373
20090422,0.000546953119246
20090423,0.000497757585334
20090424,0.000522959339132
20090426,0.000555139729925
20090427,0.000496422689442
20090428,0.000470501145982
20090429,0.000647474808825
20090430,0.00056087859503
20090501,0.000487823767171
20090503,0.000371921377952
20090504,0.000403439725139
20090505,0.000506211939244
20090506,0.0005708523638
20090507,0.000507672064267
20090508,0.000525774292463
20090510,0.000409506699781
20090511,0.000492803178675
20090512,0.000502131966937
20090513,0.000573697051213
20090514,0.00054103407885
20090515,0.000579167219641
20090517,0.000523404260484
20090518,0.000468396285083
20090519,0.000485344133796
20090520,0.000512709330773
20090521,0.000543010348065
20090522,0.000466110353861
20090524,0.000396112685204
20090525,0.00035403874699
20090526,0.000435407503011
20090527,0.000488595262243
20090528,0.00049517642202
20090529,0.000478310921923
20090531,0.000471987059151
20090601,0.000451264294791
20090602,0.000448605398542
20090603,0.000515294877395
20090604,0.000619941643619
20090605,0.000668432845928
20090607,0.000424429371408
20090608,0.000449644118456
20090609,0.000443880625253
20090610,0.000469348160026
20090611,0.000433993767319
20090612,0.000368598240694
20090614,0.000369337489029
20090615,0.000453476778084
20090616,0.000543968451728
20090617,0.000504488352062
20090618,0.000481978555542
20090619,0.000441565117841
20090621,0.000373200271642
20090622,0.000416448965713
20090623,0.000509201713968
20090624,0.000531057650138
20090625,0.000422137357519
20090626,0.000437478714464
20090628,0.000352636236691
20090629,0.000351397679869
20090630,0.000397580896542
20090701,0.000378610644057
20090702,0.000442631566408
20090703,0.000312811201155
20090705,0.00031413585389
20090706,0.000431863058256
20090707,0.000410413840778
20090708,0.000616919475065
20090709,0.000470969522857
20090710,0.000570860253318
20090712,0.000370466598486
20090713,0.00048833306948
20090714,0.0004915619901
20090715,0.000407162138504
20090716,0.000495357857087
20090717,0.000393884839443
20090719,0.000310104846843
20090720,0.000358363959743
20090721,0.0003934180864
20090722,0.000413324969472
20090723,0.0003870378121
20090724,0.000335190430401
20090726,0.000312539931297
20090727,0.000357353973272
20090728,0.000394211519363
20090729,0.0004920406045
20090730,0.00036355729571
20090731,0.000475611174007
20090802,0.000335034035685
20090803,0.000340607718226
20090804,0.000397152252102
20090805,0.00040906199026
20090806,0.000374281307143
20090807,0.000553207914606
20090809,0.000315792994365
20090810,0.000344476123382
20090811,0.000365670262609
20090812,0.000479407804759
20090813,0.00045935803999
20090814,0.000488608838874
20090816,0.000360616303643
20090817,0.000430712470536
20090818,0.000408707334919
20090819,0.000448429284517
20090820,0.00040576978625
20090821,0.000447437295146
20090823,0.000315753027936
20090824,0.000333989905963
20090825,0.000368449154473
20090826,0.00039873462724
20090827,0.000378833324483
20090828,0.000399799644372
20090830,0.00039711190829
20090831,0.000359728956828
20090901,0.000464379942326
20090902,0.000451148261492
20090903,0.0003622172257
20090904,0.000522222185228
20090906,0.000205655153799
20090907,0.000248005539606
20090908,0.000301238316965
20090909,0.000355631476964
20090910,0.000333920553589
20090911,0.000353557229536
20090913,0.000294987000335
20090914,0.000316479854676
20090915,0.000289223045512
20090916,0.000318177117813
20090917,0.000291260174525
20090918,0.000293584654223
20090920,0.000237345183903
20090921,0.000324627233949
20090922,0.000332085947513
20090923,0.000323463120215
20090924,0.000364774476678
20090925,0.00037890970798
20090927,0.000548775369204
20090928,0.000332142560313
20090929,0.000339598488291
20090930,0.000317241523132
20091001,0.000359068296141
20091002,0.000515734668644
20091004,0.000321233568506
20091005,0.000318488527734
20091006,0.000301910338607
20091007,0.000354402886497
20091008,0.000281459206597
20091009,0.000302363154859
20091011,0.000309130076096
20091012,0.000294201381023
20091013,0.000322710740866
20091014,0.000320315067191
20091015,0.000314304847847
20091016,0.000321975342357
20091018,0.000303381267962
20091019,0.000288200978501
20091020,0.000307156963321
20091021,0.000323776163877
20091022,0.000321129554945
20091023,0.00032614978311
20091025,0.000297087710083
20091026,0.000288075942831
20091027,0.000337726373619
20091028,0.00040274000752
20091029,0.000405563329819
20091030,0.000467332466036
20091101,0.000603447377986
20091102,0.000478077939623
20091103,0.000461350230101
20091104,0.000435732078426
20091105,0.00034601981368
20091106,0.000458457128545
20091108,0.000333473339999
20091109,0.000277176665625
20091110,0.000326828080513
20091111,0.000303197771275
20091112,0.000310093947195
20091113,0.000329046590932
20091115,0.000268854298681
20091116,0.000274518702164
20091117,0.000292235514465
20091118,0.000279754973243
20091119,0.000355551501956
20091120,0.000338345723666
20091122,0.000334850427323
20091123,0.000280199566708
20091124,0.00031631446106
20091125,0.000353377908332
20091126,0.000608705218652
20091127,0.000542857072071
20091129,0.000515198984211
20091130,0.000495314245004
20091201,0.000408586393913
20091202,0.000335439028851
20091203,0.000300809262017
20091204,0.000512203243765
20091206,0.000331920653414
20091207,0.000323022269922
20091208,0.000367395211192
20091209,0.000457150043465
20091210,0.000336224540341
20091211,0.000357613245261
20091213,0.000495043241357
20091214,0.000286917942256
20091215,0.000314835314577
20091216,0.000340627115655
20091217,0.000375076950247
20091218,0.000360941006078
20091220,0.000270595847978
20091221,0.000261815021703
20091222,0.000274523559776
20091223,0.000256843005935
20091224,0.000258304865617
20091227,0.00025311165968
20091228,0.000193083281408
20091229,0.000254870809907
20091230,0.000249122466029
20091231,0.000432598917345
20100103,0.000260397585596
20100104,0.000289926398732
20100105,0.000290956787986
20100106,0.000302184176299
20100107,0.000291396209679
20100108,0.00034472736165
20100110,0.000259003158528
20100111,0.000278221469483
20100112,0.000321738936953
20100113,0.000330226362551
20100114,0.000290388134527
20100115,0.000321296635038
20100117,0.000269711724916
20100118,0.00023446873346
20100119,0.000332621062271
20100120,0.000329692924438
20100121,0.000452084485339
20100122,0.000474180077676
20100124,0.0003207984985
20100125,0.000340877308673
20100126,0.000463973548116
20100127,0.000439593557606
20100128,0.000385607869356
20100129,0.000447250869904
20100131,0.000327171009413
20100201,0.00038571734689
20100202,0.000310973663379
20100203,0.000370047511735
20100204,0.000490212439585
20100205,0.000693965468129
20100207,0.000336830428897
20100208,0.000379484156146
20100209,0.000444445550172
20100210,0.000406669725969
20100211,0.000351324621788
20100212,0.000472889143434
20100214,0.000203577172988
20100215,0.000250688783202
20100216,0.000268212348744
20100217,0.00032073803147
20100218,0.000380171380563
20100219,0.00031238459205
20100221,0.000244478006356
20100222,0.000269626038199
20100223,0.000360159776973
20100224,0.000386266038105
20100225,0.000422421140907
20100226,0.000389113786441
20100228,0.000299438978561
20100301,0.000351418238228
20100302,0.000321555052441
20100303,0.000311882663719
20100304,0.000324245182024
20100305,0.000350441868987
20100307,0.000263431264606
20100308,0.000250832483249
20100309,0.000287282301602
20100310,0.000330068666486
20100311,0.000275429475772
20100312,0.000328754434602
20100314,0.000256630260594
20100315,0.000268879654998
20100316,0.000296024619053
20100317,0.000261943840908
20100318,0.000295409828882
20100319,0.000280764438375
20100321,0.000197450637332
20100322,0.000286685932884
20100323,0.000261890513093
20100324,0.000314212479639
20100325,0.000285349920387
20100326,0.000326193159312
20100328,0.000212940319485
20100329,0.000238132697838
20100330,0.000277537765173
20100331,0.000324489641864
20100401,0.000249922468376
20100402,0.000237422958275
20100404,0.000182394694945
20100405,0.000220807486347
20100406,0.00028007424074
20100407,0.000268485368618
20100408,0.000263922497766
20100409,0.000273605411109
20100411,0.000283634394713
20100412,0.000231327698691
20100413,0.000297770846713
20100414,0.000257243055153
20100415,0.000266923811991
20100416,0.00041257205843
20100418,0.000282278407468
20100419,0.000335166853583
20100420,0.000267874266748
20100421,0.000255167658547
20100422,0.000310045398106
20100423,0.000302495975154
20100425,0.000228341091277
20100426,0.000264508535295
20100427,0.000353068554422
20100428,0.000366088520941
20100429,0.000241131279588
20100430,0.000319322777494
20100502,0.000259057093552
20100503,0.000232293815785
20100504,0.000320836639708
20100505,0.000402278017365
20100506,0.00101162723104
20100507,0.000922031242029
20100509,0.000639031879776
20100510,0.000437010014462
20100511,0.000411865270195
20100512,0.000373695821739
20100513,0.000369933911411
20100514,0.000457500311311
20100516,0.000464444276043
20100517,0.000459603292093
20100518,0.000513441685466
20100519,0.00068534657745
20100520,0.00101626116232
20100521,0.000950941431549
20100523,0.000575006233569
20100524,0.000512196077248
20100525,0.000592812865069
20100526,0.000533396958209
20100527,0.000479439890145
20100528,0.000450208297308
20100530,0.000374905861978
20100531,0.000462769097399
20100601,0.000532028032456
20100602,0.000460309589054
20100603,0.000460378761692
20100604,0.000672209795416
20100606,0.000660302405885
20100607,0.000519014231755
20100608,0.000543416487519
20100609,0.000480568638283
20100610,0.000451969974921
20100611,0.000455215682516
20100613,0.000274852615669
20100614,0.000352340755089
20100615,0.000371234956797
20100616,0.000383631176202
20100617,0.000386409876125
20100618,0.000320202011854
20100620,0.000432592275457
20100621,0.000350651412874
20100622,0.000371912932097
20100623,0.000410483167347
20100624,0.00037182224402
20100625,0.000397521773109
20100627,0.00025949257391
20100628,0.00031240613386
20100629,0.000424204040604
20100630,0.000417683517934
20100701,0.000479794507394
20100702,0.000435408446588
20100704,0.00032616440077
20100705,0.000303325887307
20100706,0.000380634021369
20100707,0.000391099678093
20100708,0.000346216937929
20100709,0.000322137748638
20100711,0.000279722054338
20100712,0.000323054342126
20100713,0.000362077402586
20100714,0.000363667679986
20100715,0.000432506598457
20100716,0.000448753921309
20100718,0.000322595879823
20100719,0.000388638165646
20100720,0.00036351476317
20100721,0.000386497447414
20100722,0.000355960385473
20100723,0.000457202948835
20100725,0.000326929632955
20100726,0.00029387377261
20100727,0.000305679197219
20100728,0.000403168919591
20100729,0.000340927146928
20100730,0.0004184924526
20100801,0.000284212125189
20100802,0.000296673512583
20100803,0.000320586295749
20100804,0.000352770149889
20100805,0.000294019444354
20100806,0.000454905974048
20100808,0.000256710376607
20100809,0.000252024316024
20100810,0.000347309646749
20100811,0.000343411487431
20100812,0.000389529207339
20100813,0.000356439146932
20100815,0.000327940771263
20100816,0.000337807040768
20100817,0.000312077938544
20100818,0.000309525885474
20100819,0.00036880261517
20100820,0.0003324198974
20100822,0.000252176464659
20100823,0.000301402730346
20100824,0.000417181622022
20100825,0.000390384113896
20100826,0.000345984600821
20100827,0.000467255854
20100829,0.000357827403742
20100830,0.000298304451854
20100831,0.000382200480523
20100901,0.00038522644322
20100902,0.000301713264638
20100903,0.000433419657506
20100905,0.000247441219018
20100906,0.000247060941805
20100907,0.000316401486887
20100908,0.000324654876966
20100909,0.000292137679359
20100910,0.000274596602806
20100912,0.000234875431702
20100913,0.000261483642639
20100914,0.000431859830515
20100915,0.000363690194217
20100916,0.000302693787799
20100917,0.000297494064139
20100919,0.000268775830225
20100920,0.00024388543243
20100921,0.000321558990163
20100922,0.000319596605386
20100923,0.000303864174488
20100924,0.000379464443854
20100926,0.00023591330197
20100927,0.000224088303332
20100928,0.000267465629437
20100929,0.000272186279561
20100930,0.000295746228789
20101001,0.000317794049613
20101003,0.000201656836074
20101004,0.000287455967179
20101005,0.000348343959056
20101006,0.000262412712694
20101007,0.000312573017261
20101008,0.000399832453104
20101010,0.000360359332885
20101011,0.000256089507592
20101012,0.000292847381651
20101013,0.000285287965539
20101014,0.000277075121279
20101015,0.000309115100044
20101017,0.000298245589118
20101018,0.000268873092954
20101019,0.000333152720621
20101020,0.0003178781459
20101021,0.000271045104781
20101022,0.000294173186003
20101024,0.000279565156303
20101025,0.000264392452091
20101026,0.000271988685251
20101027,0.000286053451159
20101028,0.000273958226064
20101029,0.000309245034452
20101031,0.000433028536112
20101101,0.000254412813145
20101102,0.000275806258388
20101103,0.000378093179535
20101104,0.000269025978617
20101105,0.000349034187563
20101107,0.000288118010495
20101108,0.000269925045703
20101109,0.000321890020411
20101110,0.000340442800895
20101111,0.000284012535352
20101112,0.000382587394923
20101114,0.000277999375551
20101115,0.000273649315135
20101116,0.000287125997459
20101117,0.000257084289624
20101118,0.000249839665318
20101119,0.000291999059082
20101121,0.000350908111511
20101122,0.000266105713878
20101123,0.000336674191969
20101124,0.000303592109976
20101125,0.000251094287059
20101126,0.000309194640888
20101128,0.000291888313008
20101129,0.000262980878442
20101130,0.000334327473879
20101201,0.00028026172689
20101202,0.000292717154931
20101203,0.00041517728138
20101205,0.000236632135349
20101206,0.000262733197153
20101207,0.000278656176581
20101208,0.000300491092581
20101209,0.000264001480889
20101210,0.000246153464792
20101212,0.000196796133848
20101213,0.000279729010542
20101214,0.000272313090322
20101215,0.000276354877709
20101216,0.000270591638065
20101217,0.000251570736384
20101219,0.000232521800242
20101220,0.000237298920284
20101221,0.000246225033975
20101222,0.000235747862554
20101223,0.000253586758649
20101224,0.000212939829525
20101226,0.000234108018415
20101227,0.000235369043758
20101228,0.000276057833175
20101229,0.000240840566672
20101230,0.000248908638795
20101231,0.000326015746151
20110102,0.000280414846451
20110103,0.000220800216231
20110104,0.000290551797708
20110105,0.000292228474549
20110106,0.000241519668289
20110107,0.00036297714953
20110109,0.000266828826739
20110110,0.000259669092335
20110111,0.000248668321482
20110112,0.000251000560058
20110113,0.000244242918174
20110114,0.000272926113916
20110116,0.000220703186419
20110117,0.000235099131254
20110118,0.000241677896045
20110119,0.000261078610932
20110120,0.000314865337004
20110121,0.00025468508575
20110123,0.000239989627038
20110124,0.000249107975134
20110125,0.000248613899433
20110126,0.000265826362741
20110127,0.000297372040334
20110128,0.000284540297161
20110130,0.000231365086925
20110131,0.000256012223056
20110201,0.000244245938038
20110202,0.000276714842122
20110203,0.000256589283252
20110204,0.00029220800142
20110206,0.000224970075144
20110207,0.000222437980962
20110208,0.00024641642318
20110209,0.000227078968076
20110210,0.000262066413443
20110211,0.000260901389743
20110213,0.000226859893211
20110214,0.000217926091542
20110215,0.00024423416356
20110216,0.000290029817398
20110217,0.000240458732279
20110218,0.00023460760856
20110220,0.000241018366672
20110221,0.000291707415766
20110222,0.000322439140508
20110223,0.000274694568051
20110224,0.000311839486819
20110225,0.00027410035586
20110227,0.000276787338759
20110228,0.000250898732846
20110301,0.000279669751002
20110302,0.00024664034888
20110303,0.00025604259438
20110304,0.000286641996364
20110306,0.000209118347742
20110307,0.000244439127443
20110308,0.000247148270458
20110309,0.000311581062129
20110310,0.00025954707537
20110311,0.000356534362279
20110313,0.000667225936257
20110314,0.000419496359305
20110315,0.000445370658128
20110316,0.0010639190227
20110317,0.000737637748361
20110318,0.000435348616771
20110320,0.00029750655518
20110321,0.000280003034224
20110322,0.000281072889789
20110323,0.000281191514592
20110324,0.000249276598583
20110325,0.000264788142199
20110327,0.000237272470702
20110328,0.000256167244653
20110329,0.000251674184471
20110330,0.000247331680198
20110331,0.000255392125309
20110401,0.000313687792566
20110403,0.000231005028376
20110404,0.000238288981901
20110405,0.000280746815539
20110406,0.000284553179984
20110407,0.000365752349257
20110408,0.000266583404411
20110410,0.000306915126829
20110411,0.000314215758071
20110412,0.00038275637624
20110413,0.000343347728961
20110414,0.000341679642561
20110415,0.000312334043864
20110417,0.000363776529759
20110418,0.000353126101238
20110419,0.000300616459232
20110420,0.000307061571367
20110421,0.000296922982802
20110422,0.000242717834554
20110424,0.00030300908625
20110425,0.000252378184175
20110426,0.000282259838398
20110427,0.000320601154227
20110428,0.00028325260682
20110429,0.000236535286255
20110501,0.000417429158377
20110502,0.000258162419674
20110503,0.000305422288836
20110504,0.000357706164397
20110505,0.000426804562511
20110506,0.000497409691895
20110508,0.000333814479085
20110509,0.000300471833831
20110510,0.000298508997673
20110511,0.00033251985987
20110512,0.000360015353751
20110513,0.00038089689636
20110515,0.000328082458663
20110516,0.000326429965722
20110517,0.000367865931906
20110518,0.000309960306706
20110519,0.000305461687229
20110520,0.000297093947732
20110522,0.00023862676962
20110523,0.000314413214223
20110524,0.000288881145125
20110525,0.000299363145219
20110526,0.000315490255326
20110527,0.000327440804155
20110529,0.000251191333146
20110530,0.000228202342183
20110531,0.000263567256856
20110601,0.000308338637512
20110602,0.000315310473117
20110603,0.000407912203504
20110605,0.000227793177641
20110606,0.000263227992492
20110607,0.000264603541651
20110608,0.000303936653107
20110609,0.000278789697976
20110610,0.000291342031501
20110612,0.00032638702719
20110613,0.000265445356641
20110614,0.000283525410567
20110615,0.000305695993031
20110616,0.000361119182439
20110617,0.000330827692077
20110619,0.000298075117477
20110620,0.000281252587908
20110621,0.000262866608666
20110622,0.000246363473163
20110623,0.00029466698713
20110624,0.000285599890495
20110626,0.000288921005287
20110627,0.000245397375466
20110628,0.000242947099674
20110629,0.000315045767965
20110630,0.000255254513156
20110701,0.000260619179609
20110703,0.000213176986994
20110704,0.000216450290035
20110705,0.000236001117368
20110706,0.000251375089063
20110707,0.000223686634321
20110708,0.000368202237519
20110710,0.000229443513067
20110711,0.000279354006125
20110712,0.000460462092284
20110713,0.000380597088483
20110714,0.000410926803381
20110715,0.000291139145533
20110717,0.000300951975825
20110718,0.000254559854977
20110719,0.000254744598177
20110720,0.000248047330572
20110721,0.000272761036385
20110722,0.000233578326831
20110724,0.000278754484143
20110725,0.000276151577977
20110726,0.000261536784526
20110727,0.000283961783272
20110728,0.000256476287596
20110729,0.000329864610933
20110731,0.000398318360956
20110801,0.000375668197187
20110802,0.000341252242489
20110803,0.000444292576233
20110804,0.00048835671264
20110805,0.000707885164129
20110807,0.000547625883641
20110808,0.000642277972021
20110809,0.000726535782898
20110810,0.000552579169785
20110811,0.000547321008632
20110812,0.000426874178312
20110814,0.000287121698028
20110815,0.000297332589736
20110816,0.000345092826802
20110817,0.000296282612747
20110818,0.000356865770774
20110819,0.000419771599845
20110821,0.000490033890279
20110822,0.000294684611746
20110823,0.000316264724483
20110824,0.00029683224009
20110825,0.000296577141711
20110826,0.000325820195036
20110828,0.000283366513243
20110829,0.000242602523206
20110830,0.00028632582478
20110831,0.000312423157492
20110901,0.000263365033675
20110902,0.000298945472413
20110904,0.000271664696167
20110905,0.000291678120996
20110906,0.000407331649694
20110907,0.000266623491988
20110908,0.000268912665338
20110909,0.000331255599235
20110911,0.000310819355624
20110912,0.000355859173199
20110913,0.000338630772346
20110914,0.000363154014462
20110915,0.000362939869039
20110916,0.000314795246735
20110918,0.000327713559142
20110919,0.00034924206698
20110920,0.00032012776168
20110921,0.000443784280729
20110922,0.00060268289194
20110923,0.000528869386033
20110925,0.000413907793356
20110926,0.000464217884024
20110927,0.000395050607571
20110928,0.000381252851384
20110929,0.000459217352971
20110930,0.00039846735691
20111002,0.000365224451333
20111003,0.000481106198778
20111004,0.00048074399492
20111005,0.000367485881168
20111006,0.000406291667111
20111007,0.000457074418405
20111009,0.000329770258349
20111010,0.000301517905803
20111011,0.000311185970206
20111012,0.000356298524268
20111013,0.000359331574734
20111014,0.000343757988667
20111016,0.000275348393625
20111017,0.00035137796771
20111018,0.000395686306501
20111019,0.000297448794518
20111020,0.000401513462202
20111021,0.00035374828794
20111023,0.000292460113937
20111024,0.000297246139862
20111025,0.000352346525771
20111026,0.000353683338963
20111027,0.0003048688873
20111028,0.00028588185138
20111030,0.00122164442922
20111031,0.000416176546563
20111101,0.000382911770496
20111102,0.000367109664534
20111103,0.000361411609967
20111104,0.000357903783322
20111106,0.000294282581842
20111107,0.000281757191663
20111108,0.000267134683443
20111109,0.000290487557723
20111110,0.000321761344836
20111111,0.000273495526024
20111113,0.000265605406821
20111114,0.000281876654608
20111115,0.000298712472556
20111116,0.000325811783643
20111117,0.000309454186994
20111118,0.000327707279524
20111120,0.00030018289303
20111121,0.000292644562201
20111122,0.00028481947885
20111123,0.000277953844132
20111124,0.000258506447809
20111125,0.000281372046215
20111127,0.00037670464441
20111128,0.000280011622881
20111129,0.000315051540996
20111130,0.000459817502591
20111201,0.000285164918584
20111202,0.000292779706483
20111204,0.000242850497669
20111205,0.000220128914397
20111206,0.000231360264966
20111207,0.000201635586676
20111208,0.000277767402794
20111209,0.000270595293002
20111211,0.000179535549421
20111212,0.000227639559533
20111213,0.000235175934535
20111214,0.000235662852019
20111215,0.000223212782705
20111216,0.000231411656152
20111218,0.000220101876346
20111219,0.00019020806141
20111220,0.000201052586645
20111221,0.000243147446091
20111222,0.000206132943336
20111223,0.000156100587013
20111226,0.000126718921209
20111227,0.000136513741689
20111228,0.000200519308249
20111229,0.000167931728239
20111230,0.000236395590493
20120102,0.000220041241247
20120103,0.000172315117897
20120104,0.000189631067556
20120105,0.000226079967421
20120106,0.000218489003381
20120108,0.000185238720096
20120109,0.000171591041939
20120110,0.000168302332896
20120111,0.000174264026235
20120112,0.000168408591864
20120113,0.000206306073303
20120115,0.00016290897157
20120116,0.000152572518785
20120117,0.00016683454307
20120118,0.000236249880184
20120119,0.000171776400313
20120120,0.000189772557667
20120122,0.000149047564854
20120123,0.000166578302777
20120124,0.00021499574085
20120125,0.000221919231318
20120126,0.000196218428142
20120127,0.000228071464178
20120129,0.000163180164684
20120130,0.000186569964887
20120131,0.000212314555332
20120201,0.000195008085459
20120202,0.000193861709009
20120203,0.000254346545226
20120205,0.000171942208612
20120206,0.000190744397598
20120207,0.000179919420512
20120208,0.000235799267344
20120209,0.000205052441849
20120210,0.000220122583084
20120212,0.000203391401416
20120213,0.000191962458273
20120214,0.000216653648396
20120215,0.000236679884987
20120216,0.000236486215479
20120217,0.000198944214334
20120219,0.000220129421787
20120220,0.000235303163291
20120221,0.000226301161824
20120222,0.000219710761201
20120223,0.000214359449749
20120224,0.000219155422586
20120226,0.000273031862752
20120227,0.000272545314492
20120228,0.000281223866438
20120229,0.000295754569137
20120301,0.000246318571561
20120302,0.000216056849359
20120304,0.000212562596595
20120305,0.000240659917012
20120306,0.000293429579261
20120307,0.000264000604584
20120308,0.000253997707151
20120309,0.000339812873676
20120311,0.000227973432202
20120312,0.000212180603618
20120313,0.000273870725572
20120314,0.00025088082321
20120315,0.000244592847596
20120316,0.00024478398929
20120318,0.00018406641968
20120319,0.000195556560655
20120320,0.000234118458387
20120321,0.000293670697722
20120322,0.000301791466191
20120323,0.000284068849399
20120325,0.000201622641365
20120326,0.000225100420115
20120327,0.0002142248347
20120328,0.00026378388408
20120329,0.000287679121533
20120330,0.000262180582058
20120401,0.000218010579234
20120402,0.000286508587183
20120403,0.000263402476972
20120404,0.000243837265956
20120405,0.000231505176679
20120406,0.000362426579856
20120408,0.000237137417588
20120409,0.000194725880584
20120410,0.000271378435511
20120411,0.000288506940387
20120412,0.000262701065105
20120413,0.000252075620755
20120415,0.00021219682214
20120416,0.000272881956739
20120417,0.000244726182099
20120418,0.000240609809854
20120419,0.000252946732725
20120420,0.000208300930993
20120422,0.000164890877432
20120423,0.000237651398953
20120424,0.000220105738603
20120425,0.00023431588363
20120426,0.000269395840423
20120427,0.000310947150834
20120429,0.000173485107505
20120430,0.000183438532461
20120501,0.000192118582548
20120502,0.000223757210577
20120503,0.000200053269196
20120504,0.000231547069551
20120506,0.000292070292547
20120507,0.000187184965187
20120508,0.000220761504471
20120509,0.000250696240432
20120510,0.000238972280834
20120511,0.000251121734405
20120513,0.000242074116479
20120514,0.000205487525293
20120515,0.000228597472775
20120516,0.000248885042114
20120517,0.000323017834382
20120518,0.000307239556389
20120520,0.000231274189502
20120521,0.000227804203787
20120522,0.000272448377575
20120523,0.000318650537727
20120524,0.000293417625292
20120525,0.000235879876817
20120527,0.000207398431805
20120528,0.000178473838451
20120529,0.000234654035226
20120530,0.000301489855496
20120531,0.000314009890035
20120601,0.000472608981028
20120603,0.00035943912801
20120604,0.000260083242435
20120605,0.000338042576983
20120606,0.000279069348225
20120607,0.000339985478371
20120608,0.000312423224308
20120610,0.000296172026171
20120611,0.00026135353206
20120612,0.00027529067113
20120613,0.000246485860697
20120614,0.000253775253169
20120615,0.000233089769633
20120617,0.000247759162623
20120618,0.000240977806833
20120619,0.000218105851371
20120620,0.000315371928941
20120621,0.000251801228804
20120622,0.000267724125146
20120624,0.000175609978688
20120625,0.000212674172622
20120626,0.000244437797541
20120627,0.000199762440229
20120628,0.0003141872531
20120629,0.000286173514001
20120701,0.000170753758908
20120702,0.00023298300638
20120703,0.000209467330919
20120704,0.000160568985201
20120705,0.000226884039241
20120706,0.000236386740574
20120708,0.000185239417228
20120709,0.000188738053407
20120710,0.0001899130848
20120711,0.000262908832561
20120712,0.000246930826059
20120713,0.000188515402048
20120715,0.000133802535117
20120716,0.000189654253324
20120717,0.000197646733487
20120718,0.000189731959206
20120719,0.000184886744378
20120720,0.000191437836897
20120722,0.000220890439017
20120723,0.000203165453039
20120724,0.000222665718999
20120725,0.000223963847127
20120726,0.000222986614726
20120727,0.000247928887085
20120729,0.000165826723199
20120730,0.000163619652709
20120731,0.00018763789498
20120801,0.000206512347506
20120802,0.000263554069704
20120803,0.000227636806424
20120805,0.000177289878414
20120806,0.000153776563651
20120807,0.000185027237404
20120808,0.000204583029329
20120809,0.000179431607997
20120810,0.000172312077466
20120812,0.000166638058724
20120813,0.000155425702621
20120814,0.000174396487508
20120815,0.000163299453855
20120816,0.000157276608771
20120817,0.000171672486783
20120819,0.00016185205451
20120820,0.000144413223528
20120821,0.000152126387706
20120822,0.00021785412665
20120823,0.000171615541366
20120824,0.000183124221848
20120826,0.000206483534924
20120827,0.000130974123582
20120828,0.000147310434328
20120829,0.000152997960902
20120830,0.000150063340431
20120831,0.000221600477291
20120902,0.000165314224435
20120903,0.000131653669658
20120904,0.000169934610986
20120905,0.00019252481827
20120906,0.000185683369976
20120907,0.000237692191137
20120909,0.000176013139048
20120910,0.000143165557592
20120911,0.000175527315549
20120912,0.00018826351834
20120913,0.000256514149767
20120914,0.000222521085419
20120916,0.0001668995462
20120917,0.000194731928121
20120918,0.000199371456493
20120919,0.000236300039103
20120920,0.000224273505499
20120921,0.000189140788572
20120923,0.000205491288457
20120924,0.000167868217225
20120925,0.000207191860914
20120926,0.000197832196555
20120927,0.000182458552413
20120928,0.000222561863219
20120930,0.000166315463932
20121001,0.00020244840952
20121002,0.000203472494494
20121003,0.000197677411982
20121004,0.000195631066828
20121005,0.000231231565533
20121007,0.000147586518358
20121008,0.000179936485106
20121009,0.000205340926235
20121010,0.000208921161616
20121011,0.000178360338352
20121012,0.000195178552885
20121014,0.000170713800635
20121015,0.000188545652483
20121016,0.000185042777868
20121017,0.000175577766017
20121018,0.000208050350607
20121019,0.000193078859069
20121021,0.000175464844429
20121022,0.000169270233519
20121023,0.000206974856734
20121024,0.000203685387608
20121025,0.000209649121595
20121026,0.00024999336843
20121028,0.000145553067206
20121029,0.000158841120896
20121030,0.000231689242947
20121031,0.000144828251311
20121101,0.000147560814686
20121102,0.000209264591074
20121104,0.000137463009395
20121105,0.000159192198946
20121106,0.000189310825439
20121107,0.000272058705133
20121108,0.000197033413843
20121109,0.000219065562671
20121111,0.000141938443486
20121112,0.00013994431275
20121113,0.000205436205786
20121114,0.000199674031218
20121115,0.000181931653667
20121116,0.000241301874349
20121118,0.000190667203076
20121119,0.00018081381692
20121120,0.000190512397652
20121121,0.00016765368782
20121122,0.000170393208438
20121123,0.000192682573256
20121125,0.00017382673419
20121126,0.000189961992407
20121127,0.000193367084601
20121128,0.000185812921093
20121129,0.000185556709852
20121130,0.000195014655929
20121202,0.000171732066827
20121203,0.000173242493931
20121204,0.000158250389845
20121205,0.000180766741947
20121206,0.000143809518382
20121207,0.000195362380672
20121209,0.000148032146921
20121210,0.000128844125207
20121211,0.000126615773305
20121212,0.000178579825529
20121213,0.000161266448276
20121214,0.000208249385543
20121216,0.000231981676409
20121217,0.000177010000145
20121218,0.000166225157724
20121219,0.000227196287232
20121220,0.000205699681008
20121221,0.000238379060689
20121223,0.000152244562904
20121224,0.000143132129574
20121226,0.000188754525248
20121227,0.000200385395077
20121228,0.000215091616752
20121230,0.000214426008256
20121231,0.000215013469741
20130101,0.00037155080409
20130102,0.000208776948424
20130103,0.00021324597968
20130104,0.000230118139501
20130106,0.000232267802629
20130107,0.000230826425396
20130108,0.000220422050157
20130109,0.000203906560595
20130110,0.000248878190517
20130111,0.000241854150155
20130113,0.000234919205133
20130114,0.000243823084863
20130115,0.000291435494745
20130116,0.000275242920604
20130117,0.000341019875358
20130118,0.00024319724689
20130120,0.000261709964556
20130121,0.000296063497581
20130122,0.000245865482687
20130123,0.000242249638098
20130124,0.000245296193076
20130125,0.000228201582719
20130127,0.000205617399027
20130128,0.000241917040611
20130129,0.000198852012889
20130130,0.000222417104843
20130131,0.000219859841168
20130201,0.000267566106448
20130203,0.00020157741372
20130204,0.000228483987341
20130205,0.00025754806069
20130206,0.000248512466999
20130207,0.000250529761331
20130208,0.000310597765687
20130210,0.000214970191967
20130211,0.000236896988391
20130212,0.000321592564659
20130213,0.000238840811357
20130214,0.000290624905184
20130215,0.000275965024827
20130217,0.000198802982101
20130218,0.000189271599192
20130219,0.000223989224174
20130220,0.000219704728306
20130221,0.000266201422872
20130222,0.000211135540796
20130224,0.000260943316844
20130225,0.000414545424438
20130226,0.00039686686865
20130227,0.00030084865086
20130228,0.000236757873266
20130301,0.000271300362433
20130303,0.000239628289371
20130304,0.00021051116629
20130305,0.000191655088899
20130306,0.000193779280909
20130307,0.000189708012286
20130308,0.000277411221369
20130310,0.000184271626108
20130311,0.000179262361503
20130312,0.000222215556296
20130313,0.000248140835915
20130314,0.00021873619232
20130315,0.000215718654734
20130317,0.000298893867334
20130318,0.000242782506451
20130319,0.00024075977574
20130320,0.000255657284008
20130321,0.000278682995437
20130322,0.00024332101417
20130324,0.000226400437192
20130325,0.000232289714823
20130326,0.000205350748844
20130327,0.000201413107868
20130328,0.000191941995534
20130329,0.000118112885651
20130331,0.000200032721779
20130401,0.000219601776849
20130402,0.000173003180489
20130403,0.000188192979514
20130404,0.000305899078513
20130405,0.000350479066136
20130407,0.000402425149615
20130408,0.000235781642946
20130409,0.000250994886314
20130410,0.000234288668418
20130411,0.000217935378733
20130412,0.000302806007897
20130414,0.000381210707803
20130415,0.000433800455327
20130416,0.000330079764531
20130417,0.000342818734583
20130418,0.000299657095809
20130419,0.000301073411287
20130421,0.000194105157614
20130422,0.000256728110344
20130423,0.000370281789659
20130424,0.000228002229684
20130425,0.000254253774409
20130426,0.000331044815893
20130428,0.000254371275213
20130429,0.000213598980992
20130430,0.00023111608581
20130501,0.000247396372447
20130502,0.000247638187043
20130503,0.000292112791922
20130505,0.000201324827905
20130506,0.00015578423102
20130507,0.000263969438746
20130508,0.000266451389685
20130509,0.000306222774711
20130510,0.000282967045593
20130512,0.000207599691057
20130513,0.000199002010517
20130514,0.00022305310171
20130515,0.000241215155461
20130516,0.000262833955638
20130517,0.000243711802555
20130519,0.000326940583015
20130520,0.000195392098277
20130521,0.000202086357206
20130522,0.00028452652706
20130523,0.000392285134596
20130524,0.000381508968141
20130526,0.000287897171127
20130527,0.00019813804129
20130528,0.000248516635575
20130529,0.00032618710096
20130530,0.000289708899936
20130531,0.000374613517848
20130602,0.000309487939394
20130603,0.000298750282929
20130604,0.000260725368167
20130605,0.000294797777641
20130606,0.000468839870813
20130607,0.000600653325984
20130609,0.000301665449964
20130610,0.000331801695884
20130611,0.000453607906269
20130612,0.000509547851324
20130613,0.000480418339785
20130614,0.000409246336639
20130616,0.000341564768224
20130617,0.000322019151394
20130618,0.000287013564008
20130619,0.000434824961214
20130620,0.00040742878659
20130621,0.000378077625785
20130623,0.000343732030456
20130624,0.000392021577417
20130625,0.000346384767369
20130626,0.000298303585291
20130627,0.000291768944118
20130628,0.000305922453312
20130630,0.000281001525409
20130701,0.000229413126683
20130702,0.00026896312111
20130703,0.000301867858555
20130704,0.000262153545664
20130705,0.000397091643094
20130707,0.000188392605816
20130708,0.000231966265111
20130709,0.000258370832668
20130710,0.000394271938886
20130711,0.000355510985783
20130712,0.00031320657935
20130714,0.00025786022397
20130715,0.000237141534299
20130716,0.000226477247369
20130717,0.000241947799314
20130718,0.000221139238698
20130719,0.000249918116393
20130721,0.000342130682162
20130722,0.000205506616335
20130723,0.000225688453166
20130724,0.000235043869752
20130725,0.000243123174343
20130726,0.000224712940489
20130728,0.000249409302633
20130729,0.000235751504072
20130730,0.000226654678683
20130731,0.00026875877818
20130801,0.000256930306502
20130802,0.000301587310445
20130804,0.000299151572925
20130805,0.000248132333227
20130806,0.000262091138632
20130807,0.000272456145662
20130808,0.000281239446136
20130809,0.000230545229499
20130811,0.000291650215679
20130812,0.000201395003455
20130813,0.000230759460032
20130814,0.000238305985839
20130815,0.00027524436393
20130816,0.000260041314979
20130818,0.000240495084432
20130819,0.00025817117682
20130820,0.000291264787757
20130821,0.000329887081133
20130822,0.000262303822801
20130823,0.000239193525373
20130825,0.000276719322167
20130826,0.000217237658555
20130827,0.000273388589167
20130828,0.000261134568499
20130829,0.000220679736694
20130830,0.000226682607881
20130901,0.000236607832458
20130902,0.000241197736144
20130903,0.000244259211083
20130904,0.000219074818014
20130905,0.000219733465749
20130906,0.00027474400235
20130908,0.00024639955563
20130909,0.000175677486235
20130910,0.000199457684266
20130911,0.000232645457298
20130912,0.000198137159066
20130913,0.00019313641885
20130915,0.000313363617165
20130916,0.000184951811029
20130917,0.000152520827503
20130918,0.000262846360096
20130919,0.00020717483191
20130920,0.000190530480298
20130922,0.000185411551139
20130923,0.000182031936814
20130924,0.000220587229499
20130925,0.00019827974287
20130926,0.000208523328873
20130927,0.000216696026089
20130929,0.00025210456086
20130930,0.000266913200415
20131001,0.000253691603624
20131002,0.000251521882005
20131003,0.000222119674222
20131004,0.000211743382569
20131006,0.00021228470859
20131007,0.000194262675752
20131008,0.00021073780036
20131009,0.000209963935703
20131010,0.000215771710717
20131011,0.000199348138709
20131013,0.000212146946558
20131014,0.000172593107074
20131015,0.000237101843551
20131016,0.000214671732241
20131017,0.000204253134299
20131018,0.000189554159955
20131020,0.000183664331231
20131021,0.000135989462759
20131022,0.000234778706324
20131023,0.000272473352657
20131024,0.000225167327128
20131025,0.000206395092685
20131027,0.000156727594422
20131028,0.000183571539659
20131029,0.000213910469065
20131030,0.000265429935509
20131031,0.000198517559076
20131101,0.000220592049546
20131103,0.000167795756946
20131104,0.000154568500976
20131105,0.000212060671977
20131106,0.000166219598222
20131107,0.0002649903754
20131108,0.000256960471714
20131110,0.000169895160436
20131111,0.000157873290617
20131112,0.000213433124175
20131113,0.000229577406649
20131114,0.000179512311219
20131115,0.000169028643215
20131117,0.000149731662226
20131118,0.000202970819399
20131119,0.000199503995211
20131120,0.00022716986991
20131121,0.000228928943475
20131122,0.000224685802012
20131124,0.000226873764949
20131125,0.000190890158429
20131126,0.000208909601024
20131127,0.00020681070782
20131128,0.000196816144557
20131129,0.0002083989989
20131201,0.000212859320124
20131202,0.000210996060609
20131203,0.000216835540153
20131204,0.000220337217083
20131205,0.000240993237326
20131206,0.000266547958328
20131208,0.000187564920323
20131209,0.000161816558125
20131210,0.000186675509326
20131211,0.000237583333903
20131212,0.000266927690184
20131213,0.000200499325349
20131215,0.000204048957767
20131216,0.000176530312441
20131217,0.000175611188506
20131218,0.000365611911341
20131219,0.000197930491498
20131220,0.000211585275208
20131222,0.000143289972698
20131223,0.000146052533446
20131224,0.0001534389761
20131226,0.000157045926437
20131227,0.000175550125123
20131229,0.000158658568838
20131230,0.000149956794364
20131231,0.000158783354762
20140101,0.000294675755335
20140102,0.000205135542255
20140103,0.000207815226028
20140105,0.000226140229411
20140106,0.000198691911104
20140107,0.000179977021365
20140108,0.000189236985682
20140109,0.000167462174523
20140110,0.000221415858275
20140112,0.000227440955518
20140113,0.000189638129177
20140114,0.000185257707418
20140115,0.000188144138513
20140116,0.00017854466162
20140117,0.000184569523354
20140119,0.00025952723898
20140120,0.000206577782533
20140121,0.000181587888002
20140122,0.000180427396949
20140123,0.000232735021749
20140124,0.000342691013282
20140126,0.000334656394806
20140127,0.000255357310662
20140128,0.000274057042402
20140129,0.000340348353892
20140130,0.000236965925763
20140131,0.000295261573396
20140202,0.000195526747779
20140203,0.000279503323969
20140204,0.000294209656973
20140205,0.000243073340589
20140206,0.000220767280579
20140207,0.000281204254892
20140209,0.000156352085731
20140210,0.000168655504239
20140211,0.00021250353294
20140212,0.000190702374203
20140213,0.000227294200535
20140214,0.000194997474157
20140216,0.000204831735034
20140217,0.000204889043488
20140218,0.000185969726659
20140219,0.000234901318508
20140220,0.000197755340403
20140221,0.000177444896346
20140223,0.000176697104082
20140224,0.000160115601783
20140225,0.000166682835588
20140226,0.00017640513107
20140227,0.00020615271459
20140228,0.000202548703353
20140302,0.000214788801525
20140303,0.000181427162049
20140304,0.000190063148936
20140305,0.000165436790243
20140306,0.000167276023711
20140307,0.000208810303914
20140309,0.00018305854029
20140310,0.000161433540893
20140311,0.000160613995643
20140312,0.000258492023391
20140313,0.00023596665466
20140314,0.000254740682746
20140316,0.000219679899745
20140317,0.000172991919128
20140318,0.00018631735119
20140319,0.000218760375657
20140320,0.000155898603335
20140321,0.000167568932946
20140323,0.000233566865955
20140324,0.000167353817398
20140325,0.000153313323788
20140326,0.000158376345121
20140327,0.000164190003085
20140328,0.000142043343064
20140330,0.000142214537427
20140331,0.000159603055166
20140401,0.000148753885117
20140402,0.000147314395771
20140403,0.000129320434665
20140404,0.000213986229929
20140406,0.000141447479311
20140407,0.000152869989492
20140408,0.000184821014032
20140409,0.000184940697898
20140410,0.00019440661533
20140411,0.000200193047148
20140413,0.000162906054011
20140414,0.000157213637963
20140415,0.000217430260586
20140416,0.000156596618531
20140417,0.0001468882314
20140418,0.000102168614948
20140420,0.000132025316904
20140421,0.00010154210207
20140422,0.00013100469884
20140423,0.000154793370225
20140424,0.000147362346905
20140425,0.000136296191138
20140427,9.86599903734e-05
20140428,0.000141433260109
20140429,0.000126980854972
20140430,0.00014337682004
20140501,0.000122871253696
20140502,0.000172026583101
20140504,0.000148677701287
20140505,9.9422977271e-05
20140506,0.000191377220261
20140507,0.000156801451124
20140508,0.000152221703729
20140509,0.000129560088639
20140511,0.00011915104363
20140512,9.64780856961e-05
20140513,0.000135196614905
20140514,0.000129571080011
20140515,0.000164903914741
20140516,0.00014775620027
20140518,0.000103424469655
20140519,0.000124695077247
20140520,0.00014534448648
20140521,0.000165315339639
20140522,0.000129759299606
20140523,0.000138238504764
20140525,0.000115713038515
20140526,9.90372989063e-05
20140527,0.000125541723869
20140528,0.000149701351669
20140529,0.000137612757613
20140530,0.00013747122962
20140602,0.000110057551052
20140603,0.000142625435436
20140604,0.000125138765069
20140605,0.000146161624352
20140606,0.000186635128055
20140608,0.000106383408659
20140609,0.000103213277884
20140610,0.000121125984382
20140611,0.00018836112564
20140612,0.000136441157462
20140613,0.000124766260274
20140615,0.00013016419231
20140616,0.000113408049629
20140617,0.000105971008803
20140618,0.000132373958373
20140619,0.000109025172434
20140620,0.000100410018637
20140622,0.000152428061446
20140623,9.86139110251e-05
20140624,0.000114525768792
20140625,0.000116687786284
20140626,0.000122277870878
20140627,0.000103646423005
20140629,0.000140363462613
20140630,0.000115458048523
20140701,0.000124155519099
20140702,0.000111898947389
20140703,0.000127990467004
20140704,8.47971975522e-05
20140706,0.000107209553148
20140707,9.87733967018e-05
20140708,0.000115093740079
20140709,0.000109012121803
20140710,0.000112694541113
20140711,9.61677375248e-05
20140713,9.22340342627e-05
20140714,8.74545258169e-05
20140715,0.00016370736978
20140716,0.000100305073027
20140717,0.000151533143068
20140718,0.000112291240245
20140720,0.000119906938198
20140721,9.97277681337e-05
20140722,0.000120383662791
20140723,0.000210788019887
20140724,0.00011846022031
20140725,9.77980807597e-05
20140727,9.05537369427e-05
20140728,9.13206760819e-05
20140729,0.000122787434358
20140730,0.000128017055682
20140731,0.000121320581722
20140801,0.000143270982422
20140803,0.000115452212954
20140804,8.80747719441e-05
20140805,0.000153735728908
20140806,0.000141303222163
20140807,0.000155712485556
20140808,0.000145672289472
20140810,0.000101216298335
20140811,9.74876757334e-05
20140812,9.71820211076e-05
20140813,0.00012428860068
20140814,9.57971798102e-05
20140815,0.000121829809761
20140817,0.00010037017959
20140818,9.89812406852e-05
20140819,0.000145259005015
20140820,0.000126929468531
20140821,9.20688317193e-05
20140822,0.000138632756648
20140824,0.000297776313018
20140825,0.000107984700455
20140826,0.000115793041218
20140827,0.000119598635355
20140828,0.000132960645493
20140829,0.00013997960856
20140831,9.20485908748e-05
20140901,8.9009094218e-05
20140902,0.000138546211569
20140903,0.000138457077308
20140904,0.000148390088923
20140905,0.000130374628318
20140907,0.000124280046737
20140908,0.000128120764984
20140909,0.000146836948243
20140910,0.000200879801489
20140911,0.000155462313329
20140912,0.000137343371207
20140914,0.000116560159805
20140915,0.000129200811777
20140916,0.000143265996458
20140917,0.000182263411545
20140918,0.000158899693882
20140919,0.000149324837474
20140921,0.000137603392931
20140922,0.000134951193314
20140923,0.000180572676633
20140924,0.000152920500138
20140925,0.000179381251581
20140926,0.000167299051504
20140928,0.000353180323922
20140929,0.000198983421037
20140930,0.000190906581153
20141001,0.000338678975413
20141002,0.000234477719907
20141003,0.000239842410318
20141005,0.000186984558455
20141006,0.000183892930424
20141007,0.000188862846386
20141008,0.000199352061883
20141009,0.000188924979667
20141010,0.00020538763763
20141012,0.000241468786184
20141013,0.000185011655112
20141014,0.000212744924704
20141015,0.00031895250455
20141016,0.000354134635227
20141017,0.000255581881292
20141019,0.000192690078141
20141020,0.00019498317955
20141021,0.000234004861286
20141022,0.000204771070926
20141023,0.000212737703377
20141024,0.000171632867571
20141026,0.000159182586249
20141027,0.000136762150476
20141028,0.000138005574576
20141029,0.000240501755683
20141030,0.00021007374104
20141031,0.000287075192844
20141102,0.000239890510438
20141103,0.000200976502966
20141104,0.000208011982355
20141105,0.000280503178596
20141106,0.000201540290557
20141107,0.000218180061966
20141109,0.000192772381203
20141110,0.000160853635476
20141111,0.000222327872992
20141112,0.000205982242696
20141113,0.000180408581537
20141114,0.000193761862274
20141116,0.000245925202437
20141117,0.000158374985488
20141118,0.000224713052827
20141119,0.000210904295919
20141120,0.000190916762849
20141121,0.00026062289323
20141123,0.000151153606667
20141124,0.000170023670147
20141125,0.000170414178381
20141126,0.000216647092133
20141127,0.000175052870185
20141128,0.000191331862171
20141130,0.000202499235426
20141201,0.000193890685016
20141202,0.000196293170774
20141203,0.000174111305954
20141204,0.000191942310046
20141205,0.000218110316077
20141207,0.000225445389961
20141208,0.000187485652897
20141209,0.000286422853657
20141210,0.000397061814883
20141211,0.00023583055581
20141212,0.000221876824169
20141214,0.000338504596698
20141215,0.000232014076217
20141216,0.000343868155979
20141217,0.000300162384215
20141218,0.000225180262179
20141219,0.000182655657335
20141221,0.000217635164249
20141222,0.000141773963058
20141223,0.000155959587622
20141224,0.000166866703586
20141225,0.000136004244178
20141226,0.00010257166513
20141228,0.000161995897185
20141229,0.000131221864825
20141230,0.000188944899023
20141231,0.000169242767743
20150101,0.000226584391319
20150102,0.000173011365161
20150104,0.000279992508534
20150105,0.000194456446777
20150106,0.000233472374809
20150107,0.00020058416265
20150108,0.000177772015023
20150109,0.000215249308642
20150111,0.000199423733573
20150112,0.000200758545481
20150113,0.000218004334545
20150114,0.000264040366701
20150115,0.000500499382004
20150116,0.000262160425507
20150118,0.000250924904782
20150119,0.000203191078268
20150120,0.000275540558025
20150121,0.000281064311686
20150122,0.00029077985985
20150123,0.000309497549079
20150125,0.000318194651118
20150126,0.000239086382539
20150127,0.000261930285532
20150128,0.000362208234861
20150129,0.000271842246451
20150130,0.000289023010046
20150201,0.000280074984637
20150202,0.000318781421925
20150203,0.000459465489459
20150204,0.000333139225835
20150205,0.000279363748506
20150206,0.000324594243003
20150208,0.000194510882668
20150209,0.000216289595292
20150210,0.000229663367437
20150211,0.000260304490514
20150212,0.00031269428058
20150213,0.000205813937527
20150215,0.000221673974466
20150216,0.000218288250646
20150217,0.000207545957684
20150218,0.000206149689918
20150219,0.000176487218548
20150220,0.000245290034136
20150222,0.000138055387443
20150223,0.000188318975103
20150224,0.000221133687278
20150225,0.000188685299068
20150226,0.00018530777541
20150227,0.000173606488919
20150301,0.000197294673964
20150302,0.000174123445542
20150303,0.000138420352433
20150304,0.000176439676703
20150305,0.000178223592463
20150306,0.00027480024579
20150308,0.000202606768584
20150309,0.000235445480742
20150310,0.000231285661899
20150311,0.00035294594739
20150312,0.00025567568525
20150313,0.000238212528797
20150315,0.000208402180716
20150316,0.00017959380678
20150317,0.000183458974394
20150318,0.000326328551041
20150319,0.00024681190745
20150320,0.000246466296775
20150322,0.000227523499656
20150323,0.000284232450001
20150324,0.000211248791608
20150325,0.000204913768831
20150326,0.000204589902302
20150327,0.00021414939065
20150329,0.000182897853246
20150330,0.00016876017212
20150331,0.000178094532869
20150401,0.000231041397601
20150402,0.00017682428647
20150403,0.000311729636405
20150405,0.000194035156867
20150406,0.000168123428746
20150407,0.000199294354419
20150408,0.000199294817141
20150409,0.000172630099163
20150410,0.000170277043526
20150412,0.000228240977086
20150413,0.000194159440252
20150414,0.000214128914284
20150415,0.000234905511895
20150416,0.000200303802026
20150417,0.000193462530459
20150419,0.000182088975483
20150420,0.000165806827654
20150421,0.00016482123149
20150422,0.000194161567775
20150423,0.000178260471817
20150424,0.000173259023377
20150426,0.00016486987403
20150427,0.00016021690025
20150428,0.000192989668896
20150429,0.000274790015915
20150430,0.000232081030031
20150501,0.00019327913359
20150503,0.000192124591809
20150504,0.00014836777385
20150505,0.000277322726198
20150506,0.000212408265472
20150507,0.000220123256432
20150508,0.000262502497358
20150510,0.000268976663401
20150511,0.000178778338158
20150512,0.000291899704609
20150513,0.000258188987333
20150514,0.000220710276256
20150515,0.000192212075891
20150517,0.000204326551068
20150518,0.000223851480809
20150519,0.000183333921832
20150520,0.000186244940222
20150521,0.000164201537337
20150522,0.00018439308666
20150524,0.000167662489047
20150525,0.000101300265872
20150526,0.000172183237902
20150527,0.000233631605535
20150528,0.000247363382512
20150529,0.000218927596117
20150531,0.000179295265668
20150601,0.000174541431513
20150602,0.000218179786815
20150603,0.000188313363413
20150604,0.000189192192445
20150605,0.000203143156995
20150607,0.000152183173354
20150608,0.000182473637375
20150609,0.00019530274174
20150610,0.000745284892401
20150611,0.000212194070586
20150612,0.000198738505218
20150614,0.000166424939448
20150615,0.000172177401664
20150616,0.000149041823787
20150617,0.000304982655753
20150618,0.000183040116492
20150619,0.000149382563471
20150621,0.00015697232575
20150622,0.000163142952608
20150623,0.000147099375816
20150624,0.000165195808563
20150625,0.000182471406214
20150626,0.000164395787084
20150628,0.000448807544283
20150629,0.000239232663921
20150630,0.000238563387689
20150701,0.000201673792803
20150702,0.000178896164196
20150703,0.000226583626112
20150705,0.000315928391538
20150706,0.000205701976225
20150707,0.000250179427174
20150708,0.000290942105262
20150709,0.000249505193726
20150710,0.000247187145631
20150712,0.000276686515316
20150713,0.000233957716179
20150714,0.000216424252906
20150715,0.000273608586819
20150716,0.000197741290855
20150717,0.000169684736988
20150719,0.000185238186333
20150720,0.000208218726392
20150721,0.000211467109957
20150722,0.000340369097339
20150723,0.00025244643012
20150724,0.000195450835996
20150726,0.000175443698648
20150727,0.000219457138157
20150728,0.000289740951256
20150729,0.000236963711816
20150730,0.000201455338508
20150731,0.000284205048017
20150802,0.000181097922151
20150803,0.000198307148171
20150804,0.000244266107478
20150805,0.000203830114338
20150806,0.000192543737297
20150807,0.000229161035725
20150809,0.000157308725358
20150810,0.000236196723572
20150811,0.000264660481616
20150812,0.000311239807996
20150813,0.000217322987942
20150814,0.000204137132313
20150816,0.000158584830221
20150817,0.00015725469427
20150818,0.000168409311248
20150819,0.000182652114862
20150820,0.000201481656022
20150821,0.000227457414709
20150823,0.000477653304375
20150824,0.00161136451669
20150825,0.000497435350129
20150826,0.000374638995857
20150827,0.000303746114959
20150828,0.000283274411149
20150830,0.00035457863588
20150831,0.00029700701894
20150901,0.000393900076361
20150902,0.00028840422536
20150903,0.000295830715672
20150904,0.000389785193593
20150906,0.000371098505444
20150907,0.000241999898591
20150908,0.000284674917977
20150909,0.000414913604295
20150910,0.000375228760625
20150911,0.000219115997845
20150913,0.000273486851944
20150914,0.000239537068949
20150915,0.000242893223704
20150916,0.000256916168844
20150917,0.000382505423946
20150918,0.000334729773021
20150920,0.00022626706155
20150921,0.000215822031253
20150922,0.000261252720871
20150923,0.000272144358165
20150924,0.000349647860123
20150925,0.000283130274162
20150927,0.000248826347939
20150928,0.00023569680844
20150929,0.000308291678357
20150930,0.000258119971045
20151001,0.000278550297781
20151002,0.000336185048566
20151004,0.000234411613551
20151005,0.00026512994238
20151006,0.000247643007759
20151007,0.000254230996729
20151008,0.00027698159545
20151009,0.000246889126192
20151011,0.000171275000959
20151012,0.000199553993796
20151013,0.000291341388925
20151014,0.000359936120933
20151015,0.000330744181885
20151016,0.00022989490479
20151018,0.000241531865928
20151019,0.000181260346212
20151020,0.000235029683505
20151021,0.000259414096751
20151022,0.000281330147073
20151023,0.000308490083569
20151025,0.000228443973275
20151026,0.000207012526714
20151027,0.000209554436759
20151028,0.000427835987234
20151029,0.000258048146353
20151030,0.000264594487016
20151101,0.000206990709896
20151102,0.000215601325505
20151103,0.000250685476082
20151104,0.000220894578515
20151105,0.000190803992822
20151106,0.000303449912242
20151108,0.00021100589339
20151109,0.000171126273542
20151110,0.000204401196947
20151111,0.000185852076656
20151112,0.000181287398929
20151113,0.000170581419181
20151115,0.000223159585356
20151116,0.000195059722221
20151117,0.000177631821955
20151118,0.000202127072126
20151119,0.000188021180812
20151120,0.000166605910627
20151122,0.000168226679275
20151123,0.000161682286217
20151124,0.000167246285484
20151125,0.000182863950535
20151126,0.000133500942736
20151127,0.000165982204142
20151129,0.000165365896377
20151130,0.000183390538679
20151201,0.000187170156431
20151202,0.000187462570064
20151203,0.000257959175564
20151204,0.000269934942329
20151206,0.000205792989805
20151207,0.000179182943904
20151208,0.00020637589124
20151209,0.000651241334914
20151210,0.00021496502378
20151211,0.000299461100602
20151213,0.000245671655179
20151214,0.000256120555249
20151215,0.000228233148951
20151216,0.000315092331956
20151217,0.000250226016177
20151218,0.000244051842878
20151220,0.000196802044966
20151221,0.000179819805886
20151222,0.000165974410443
20151223,0.000193801946665
20151224,0.00015924046887
20151227,0.000164966019822
20151228,0.000122455290713
20151229,0.000135585284498
20151230,0.000153224387194
20151231,0.000181057699154
20160103,0.000305908359821
20160104,0.000258388102544
20160105,0.000287614087996
20160106,0.000370201139784
20160107,0.000447128536926
20160108,0.000357986906424
20160110,0.000409527697801
20160111,0.000351109055678
20160112,0.000312266693049
20160113,0.000309221589406
20160114,0.00036814548234
20160115,0.000423954510148
20160117,0.00038110418073
20160118,0.000274256698258
20160119,0.00043501096551
20160120,0.000434986256697
20160121,0.000412588305344
20160122,0.000314374882079
20160124,0.000309131349265
20160125,0.000263259028187
20160126,0.00029213460209
20160127,0.000413125873607
20160128,0.000570941330724
20160129,0.000400723677799
20160131,0.000306765194525
20160201,0.000279802955634
20160202,0.000350903304352
20160203,0.000411281751651
20160204,0.000293994034075
20160205,0.000294284481099
20160207,0.000183277542972
20160208,0.000358227590412
20160209,0.000464994178632
20160210,0.000441246819834
20160211,0.000636784252011
20160212,0.000379241070844
20160214,0.0003827359226
20160215,0.000286408082061
20160216,0.000328552640327
20160217,0.000332278829955
20160218,0.000281986801059
20160219,0.00028082149359
20160221,0.00023947724697
20160222,0.000273892526787
20160223,0.00027753202371
20160224,0.000317196468891
20160225,0.000300438873789
20160226,0.000328985423912
20160228,0.000301473794349
20160229,0.000320480113225
20160301,0.000307738000113
20160302,0.000287531066679
20160303,0.000253804500574
20160304,0.000314175945101
20160306,0.00022441673465
20160307,0.000265634009915
20160308,0.000272673199644
20160309,0.000568155244075
20160310,0.000375021233888
20160311,0.000281444610082
20160313,0.000253097336397
20160314,0.00023302338971
20160315,0.000298535322281
20160316,0.000369133058218
20160317,0.000328740088957
20160318,0.000232231239449
20160320,0.000235040310502
20160321,0.000210090047683
20160322,0.000260434538661
20160323,0.00024247120087
20160324,0.000233519106256
20160325,0.00023274008508
20160327,0.000191163466973
20160328,0.0001669428572
20160329,0.000248863731939
20160330,0.000266508287376
20160331,0.000240212781317
20160401,0.000265545499414
20160403,0.000211446946771
20160404,0.000211604349362
20160405,0.000304759335591
20160406,0.000257742845884
20160407,0.000306280283376
20160408,0.000280299392519
20160410,0.000279616004408
20160411,0.000248578645549
20160412,0.000233562676886
20160413,0.000247980185745
20160414,0.000246781541044
20160415,0.000230511207758
20160417,0.0005969213978
20160418,0.000281467207094
20160419,0.000243017600015
20160420,0.000232512953897
20160421,0.000246172153207
20160422,0.000280728704233
20160424,0.000240932317119
20160425,0.000205187770605
20160426,0.000233407511278
20160427,0.000589457019672
20160428,0.000278089003541
20160429,0.000280642392185
20160501,0.000263818059841
20160502,0.000180142797206
20160503,0.000357893399186
20160504,0.000237085274924
20160505,0.000208494668646
20160506,0.000277696469917
20160508,0.000217062355899
20160509,0.000247128087582
20160510,0.000285347848302
20160511,0.000210653559674
20160512,0.00022399579961
20160513,0.000253291017611
20160515,0.000183605629916
20160516,0.000213153697318
20160517,0.000217585177074
20160518,0.000237462662845
20160519,0.000223277517063
20160520,0.000192094257707
20160522,0.000192312329831
20160523,0.000203258305533
20160524,0.000206230592604
20160525,0.000246757862991
20160526,0.000211265589086
20160527,0.000187440703286
20160529,0.000211441788696
20160530,0.000156357610686
20160531,0.000243082120144
20160601,0.000263794615788
20160602,0.000217952939193
20160603,0.000288264661749
20160605,0.000268607179258
20160606,0.000209944660353
20160607,0.000224880753997
20160608,0.000378225214474
20160609,0.000247496488409
20160610,0.000232325425398
20160612,0.000273647410468
20160613,0.000254228177288
20160614,0.000280678682926
20160615,0.000349639341807
20160616,0.000375880450168
20160617,0.000254111103694
20160619,0.000318912380245
20160620,0.000229861999214
20160621,0.000253485456792
20160622,0.000238864095273
20160623,0.00171361854743
20160624,0.000836168541324
20160626,0.000551516436918
20160627,0.000403183588428
20160628,0.000282122009383
20160629,0.000256604232497
20160630,0.000279730629297
20160701,0.00021466520844
20160703,0.000260390683485
20160704,0.000184169698925
20160705,0.000322491815653
20160706,0.000346168044142
20160707,0.00030477417493
20160708,0.000270749419338
20160710,0.000244727996835
20160711,0.00026745803569
20160712,0.000305417279046
20160713,0.000328902264405
20160714,0.000361044343338
20160715,0.00039589749773
20160717,0.000487172179027
20160718,0.000306207943948
20160719,0.000262129311289
20160720,0.000347278842643
20160721,0.000327807221988
20160722,0.000239170651826
20160724,0.000292900357359
20160725,0.00020576477609
20160726,0.000334273885247
20160727,0.000317892584851
20160728,0.000631987248141
20160729,0.000366461334896
20160731,0.000284978375946
20160801,0.000205420442564
20160802,0.000280107562204
20160803,0.000234513152341
20160804,0.000205631201509
20160805,0.000249865085653
20160807,0.000244183923705
20160808,0.000166653375224
20160809,0.000183761747552
20160810,0.000395428082195
20160811,0.000203956314829
20160812,0.000195478741621
20160814,0.000204352304826
20160815,0.000170230964559
20160816,0.000251606539651
20160817,0.000246271649849
20160818,0.00019822416807
20160819,0.000194512012386
20160821,0.000233024749574
20160822,0.000284309293613
20160823,0.000171329690898
20160824,0.000170320800684
20160825,0.00014127615904
20160826,0.000242301863481
20160828,0.000211756929652
20160829,0.00016616486006
20160830,0.000155766719965
20160831,0.000181336873538
20160901,0.000181359081365
20160902,0.000191144091363
20160904,0.000282331836027
20160905,0.000153770142198
20160906,0.000222602884414
20160907,0.00017401059777
20160908,0.000186375864381
20160909,0.000184156549418
20160911,0.000205908494702
20160912,0.000201326322209
20160913,0.000234257327876
20160914,0.00022653397188
20160915,0.000213296796609
20160916,0.000174748285463
20160918,0.000165986097995
20160919,0.000158895022058
20160920,0.000202481199713
20160921,0.000337205677156
20160922,0.00018209562313
20160923,0.000171182498458
20160925,0.000224114048136
20160926,0.000200467264136
20160927,0.000208288977379
20160928,0.000194958570795
20160929,0.000242064802448
20160930,0.000235910392224
20161002,0.000223269948065
20161003,0.000181919281853
20161004,0.000213300937054
20161005,0.000177266587951
20161006,0.000191125263156
20161007,0.000230805322407
20161009,0.000246639386796
20161010,0.000157760782412
20161011,0.000218264912443
20161012,0.000225980054686
20161013,0.000212130540454
20161014,0.000214425702824
20161016,0.000216571735565
20161017,0.000197391041639
20161018,0.000166687799492
20161019,0.0001933655744
20161020,0.000169851530047
20161021,0.000170512620645
20161023,0.000187018349066
20161024,0.000138403482342
20161025,0.000159305257696
20161026,0.000158729391516
20161027,0.000156959202572
20161028,0.000212534614597
20161030,0.000214662281287
20161031,0.000145715753684
20161101,0.000221345694725
20161102,0.000194084250196
20161103,0.000188629456451
20161104,0.000174648103573
20161106,0.000284072018837
20161107,0.000152003415405
20161108,0.000607076301007
20161109,0.000556432051097
20161110,0.000354827132185
20161111,0.000288018624531
20161113,0.000302399107609
20161114,0.000247819900752
20161115,0.000223904702143
20161116,0.000230990804914
20161117,0.000201897127517
20161118,0.000211112418242
20161120,0.00022908030966
20161121,0.000214181662373
20161122,0.000149497034584
20161123,0.000179533159988
20161124,0.000203802054604
20161125,0.000203695099972
20161127,0.000270168289026
20161128,0.000171268678021
20161129,0.000186784883237
20161130,0.000211487155921
20161201,0.000188515604273
20161202,0.000158122341342
20161204,0.000440081947865
20161205,0.000317314608696
20161206,0.000162553055206
20161207,0.000164247537762
20161208,0.000175131285213
20161209,0.000154717637661
20161211,0.000187724979205
20161212,0.000166801223853
20161213,0.000137309439864
20161214,0.000198151477236
20161215,0.000196683403407
20161216,0.000184858488481
20161218,0.000196945117326
20161219,0.000171525343456
20161220,0.000154350971566
20161221,0.000169597653273
20161222,0.0001301062903
20161223,0.000119796620756
20161225,0.000260256687365
20161226,0.000184141811783
20161227,0.000113524150626
20161228,0.000167191412115
20161229,0.000170839892516
20161230,0.000177326746296
20170102,0.000213376359246
20170103,0.000170423520023
20170104,0.000172561703692
20170105,0.000197932199235
20170106,0.00019679008053
20170108,0.000138587490895
20170109,0.000167098764073
20170110,0.000163015745219
20170111,0.000215797853715
20170112,0.000196489704515
20170113,0.000151385753476
20170115,0.000247995150461
20170116,0.000149219178167
20170117,0.000179979256919
20170118,0.000157727866884
20170119,0.000171108488092
20170120,0.000167896239835
20170122,0.000204835067601
20170123,0.000189460184871
20170124,0.000158839032834
20170125,0.000215095698047
20170126,0.000154797571042
20170127,0.00013597831209
20170129,0.000177794717988
20170130,0.000151005252671
20170131,0.000229227472927
20170201,0.000194282504604
20170202,0.0001773455391
20170203,0.000148679679163
20170205,0.000187573542945
20170206,0.000191246232547
20170207,0.000154061025491
20170208,0.000233504558501
20170209,0.000159964780307
20170210,0.000151399176796
20170212,0.000163585657796
20170213,0.000123760065707
20170214,0.000135416052505
20170215,0.000150346031906
20170216,0.000152641564233
20170217,0.000151847538869
20170219,0.000130792668808
20170220,0.000115157011937
20170221,0.000115845971009
20170222,0.000149623369874
20170223,0.000146266653522
20170224,0.000149955631904
20170226,0.000172049287221
20170227,0.000164415314371
20170228,0.000167069543037
20170301,0.000198341105013
20170302,0.00016232370436
20170303,0.000173539062619
20170305,0.000211301377121
20170306,0.000145056542785
20170307,0.000162971858406
20170308,0.000154941476617
20170309,0.00015917064395
20170310,0.000238958768488
20170312,0.000147600702498
20170313,0.000125144209888
20170314,0.000121874436986
20170315,0.000235745261429
20170316,0.00015918726538
20170317,0.000151678683478
20170319,0.000164544281203
20170320,0.000133324896167
20170321,0.000183182964209
20170322,0.000225391728342
20170323,0.000174232555878
20170324,0.000184823295058
20170326,0.0001923447074
20170327,0.000147283262229
20170328,0.00014996824218
20170329,0.000144754809268
20170330,0.000155200667163
20170331,0.000140752494463
20170402,0.000172253234288
20170403,0.000142740067699
20170404,0.000160079053651
20170405,0.000164466423508
20170406,0.000201357588857
20170407,0.000194398398578
20170409,0.000206902400046
20170410,0.00012507693061
20170411,0.000176195508658
20170412,0.000185521488746
20170413,0.000164899521429
20170414,0.000192567840803
20170416,0.000196795766813
20170417,0.000134682694024
20170418,0.000152479108042
20170419,0.00017733651682
20170420,0.000157520070519
20170421,0.000147369582452
20170423,0.000262893685855
20170424,0.000145499915716
20170425,0.000161473723992
20170426,0.000191718318432
20170427,0.000151520474501
20170428,0.000138210206559
