file#
file#
file#
file#
file#
file#
file#
file#
file#
file#
file#
file#
file#
file#
file#
file#
20050812,0.000482916566345
20050815,0.000222840414525
20050816,0.000222595292039
20050817,0.000244145024504
20050818,0.000232328070974
20050819,0.000277763842918
20050821,0.000207136747293
20050822,0.00021578490395
20050823,0.00020754962014
20050824,0.000273711605963
20050825,0.000233213994748
20050826,0.000223051644656
20050828,0.000251071641243
20050829,0.000236086118308
20050830,0.000241598422202
20050831,0.000261099792043
20050901,0.000275032293639
20050902,0.000284223942184
20050904,0.000332557046998
20050905,0.000225657343982
20050906,0.000218137331337
20050907,0.000237318069923
20050908,0.00022991382111
20050909,0.000245884981106
20050911,0.00022674972146
20050912,0.000222762797271
20050913,0.000228524645615
20050914,0.000223341360658
20050915,0.000225694037604
20050916,0.000258210091009
20050918,0.000185107545257
20050919,0.000206310716187
20050920,0.000219763373221
20050921,0.000241290067735
20050922,0.000243458818693
20050923,0.000271706668539
20050925,0.000219525736954
20050926,0.000256045753703
20050927,0.000239159329671
20050928,0.000263191906938
20050929,0.000226317495305
20050930,0.000232044990309
20051002,0.000243736337452
20051003,0.00022610389854
20051004,0.000213005336474
20051005,0.000228957107199
20051006,0.000252549521914
20051007,0.000224716509447
20051009,0.000204816852926
20051010,0.000211779141745
20051011,0.000220517017801
20051012,0.000254418708696
20051013,0.000253190352751
20051014,0.000278822665015
20051016,0.000263214373994
20051017,0.000225634168392
20051018,0.0002275797751
20051019,0.000235069110884
20051020,0.000221133182875
20051021,0.000240867776851
20051023,0.00020063723512
20051024,0.000220430134197
20051025,0.000223618872125
20051026,0.000226787252967
20051027,0.000231765592443
20051028,0.000230609085002
20051030,0.000200380990503
20051031,0.00021835501382
20051101,0.000244048829606
20051102,0.000239402384361
20051103,0.000243581103621
20051104,0.000293992422421
20051106,0.000236453441634
20051107,0.000263976400518
20051108,0.000244778837198
20051109,0.000252778028959
20051110,0.000238737244395
20051111,0.000232553618617
20051113,0.000206844172611
20051114,0.000230458202656
20051115,0.000215098836159
20051116,0.000229140031407
20051117,0.000237651506318
20051118,0.000265549072714
20051120,0.000193475911305
20051121,0.000223976627523
20051122,0.000236778251852
20051123,0.000229217767684
20051124,0.000213519706299
20051125,0.000232458577604
20051127,0.000235992434132
20051128,0.0002420839276
20051129,0.000221820801072
20051130,0.000216656683125
20051201,0.000207223816176
20051202,0.000248069246784
20051204,0.000190701593816
20051205,0.000214163456237
20051206,0.000218743193086
20051207,0.000272407150834
20051208,0.000223380748684
20051209,0.00020458812955
20051211,0.000184688306121
20051212,0.00020681772666
20051213,0.000240671673714
20051214,0.000232528975866
20051215,0.000323513060592
20051216,0.00026628622046
20051218,0.000214539321274
20051219,0.000218856347537
20051220,0.000243365011826
20051221,0.000244046995091
20051222,0.00026937510137
20051223,0.000254375187405
20051226,0.000204186629273
20051227,0.00022547383999
20051228,0.000253895993173
20051229,0.000223819097103
20060102,0.000213158101164
20060103,0.000261565109985
20060104,0.00024143664872
20060105,0.000232145241758
20060106,0.000269748461292
20060108,0.000228648167744
20060109,0.000209105023986
20060110,0.000218301171672
20060111,0.000207518979101
20060112,0.00023513484481
20060113,0.000225495589708
20060115,0.000190753303724
20060116,0.000223158427289
20060117,0.000251148458767
20060118,0.000251351814415
20060119,0.000274571080271
20060120,0.000244932433462
20060122,0.000257577338892
20060123,0.000215330111655
20060124,0.000234792408305
20060125,0.000256474141863
20060126,0.0002677114505
20060127,0.000327993523838
20060129,0.000240973301853
20060130,0.000225446050341
20060131,0.000248548456812
20060201,0.000226459463732
20060202,0.000211567038762
20060203,0.000262153254782
20060205,0.000226637659719
20060206,0.00020477390184
20060207,0.000236436442036
20060208,0.000255193050573
20060209,0.000225677179889
20060210,0.00025058787604
20060212,0.000213020326799
20060213,0.000230707099788
20060214,0.000239102579357
20060215,0.000229901192178
20060216,0.000248879887221
20060217,0.000254639278655
20060219,0.000203424650289
20060220,0.000202860618378
20060221,0.000241142306204
20060222,0.000229933090075
20060223,0.000234468693237
20060224,0.000243734349171
20060226,0.000196942203254
20060227,0.000204651220131
20060228,0.000222670947189
20060301,0.000229323265387
20060302,0.000219065515935
20060303,0.000243241714469
20060305,0.00022069600838
20060306,0.000256275042339
20060307,0.00024237800814
20060308,0.000267951725405
20060309,0.000242856169859
20060310,0.00027420643077
20060312,0.000225065410559
20060313,0.000265388030379
20060314,0.000239205806167
20060315,0.000255605292599
20060316,0.000290202000372
20060317,0.000304277803565
20060319,0.000274504546061
20060320,0.000299983255031
20060321,0.000295273495436
20060322,0.000294852681914
20060323,0.000409474909319
20060324,0.000324892890655
20060326,0.000304174685924
20060327,0.000301296050632
20060328,0.000338756637509
20060329,0.000294971269784
20060330,0.00029544393515
20060331,0.000308325651436
20060402,0.000272367004015
20060403,0.000297621948823
20060404,0.000313282487033
20060405,0.000291400147196
20060406,0.000307779176441
20060407,0.00034853858742
20060409,0.000267129562627
20060410,0.000265616675665
20060411,0.000266690089871
20060412,0.000342285617623
20060413,0.000295658256611
20060414,0.000278700587311
20060416,0.000264172164212
20060417,0.000289379390714
20060418,0.00027395155502
20060419,0.000246828196986
20060420,0.000300616653512
20060421,0.000309992655668
20060423,0.000236041604471
20060424,0.000272959442083
20060425,0.000285678180455
20060426,0.000332281987925
20060427,0.000299850073023
20060428,0.000281820631279
20060430,0.000265801976528
20060501,0.000282781968678
20060502,0.000275534879712
20060503,0.000283506579364
20060504,0.000264206314682
20060505,0.000341457728973
20060507,0.000243351310266
20060508,0.000276588124544
20060509,0.000271417167485
20060510,0.000317240411735
20060511,0.000337258083939
20060512,0.000347658018737
20060514,0.000344988230819
20060515,0.000297754378125
20060516,0.000265972763697
20060517,0.000324272750637
20060518,0.000292699259157
20060519,0.000343179658512
20060521,0.000279125333506
20060522,0.000280352494761
20060523,0.00031287038693
20060524,0.000389617139475
20060525,0.000310013895428
20060526,0.000323417260358
20060528,0.000256876360043
20060529,0.000267642766884
20060530,0.000278294482942
20060531,0.00028809564015
20060601,0.000410046187957
20060602,0.00033843088239
20060604,0.000226417193183
20060605,0.000303713258586
20060606,0.000289138294542
20060607,0.000301014192772
20060608,0.000305845217271
20060609,0.0003048107027
20060611,0.000235570268663
20060612,0.000276596762502
20060613,0.000301178565223
20060614,0.000297414529886
20060615,0.00025455212678
20060616,0.000264989018374
20060618,0.000227455758217
20060619,0.000226459395372
20060620,0.000273071703316
20060621,0.000300055915329
20060622,0.000280271090435
20060623,0.000321651637246
20060625,0.000257613830282
20060626,0.000277478544929
20060627,0.000302510916041
20060628,0.000316746303236
20060629,0.000335483775582
20060630,0.000334797212554
20060702,0.000224405215359
20060703,0.000254561668484
20060704,0.000285910344013
20060705,0.000266041999327
20060706,0.000246811328134
20060707,0.000308098506766
20060709,0.000237177585603
20060710,0.00024699924276
20060711,0.000245540368868
20060712,0.000281793901928
20060713,0.000247349878702
20060714,0.00025523583358
20060716,0.000250992475493
20060717,0.000224174502912
20060718,0.000245888186204
20060719,0.000314700952796
20060720,0.00025887894447
20060721,0.000257495954078
20060723,0.000243374208793
20060724,0.000226018313794
20060725,0.000269252352056
20060726,0.0002698185726
20060727,0.000272765857822
20060728,0.000262176122088
20060730,0.000210031848716
20060731,0.000235989074664
20060801,0.000258387498395
20060802,0.000257115863188
20060803,0.000268619134612
20060804,0.000345685320101
20060806,0.00018534271053
20060807,0.000246529407149
20060808,0.000293718005804
20060809,0.000271810203261
20060810,0.000237970208667
20060811,0.000273873088303
20060813,0.000431207890748
20060814,0.000232977032547
20060815,0.000260122559032
20060816,0.000258444185761
20060817,0.000246773774147
20060818,0.000283120084526
20060820,0.000193297274527
20060821,0.000232768405298
20060822,0.00022101652762
20060823,0.000259979449814
20060824,0.000238878330689
20060825,0.000268252818677
20060827,0.000194065611803
20060828,0.000228400052228
20060829,0.000244039986776
20060830,0.000235197525643
20060831,0.000235285732139
20060901,0.000246037965896
20060903,0.00022067854215
20060904,0.000243155487042
20060905,0.000250184603561
20060906,0.000238684655429
20060907,0.000295621751067
20060908,0.000258054765324
20060910,0.000234665691207
20060911,0.000225892754625
20060912,0.00029633053293
20060913,0.000347943469309
20060914,0.000273456398039
20060915,0.000265422806916
20060917,0.000203104753323
20060918,0.000254847620336
20060919,0.000257472381966
20060920,0.000348330558631
20060921,0.000256919083004
20060922,0.000266020114468
20060924,0.000238879202209
20060925,0.000272558978805
20060926,0.000291318562252
20060927,0.000264551039984
20060928,0.000292133419826
20060929,0.000283202518438
20061001,0.000228107419643
20061002,0.000251440622251
20061003,0.000218047242974
20061004,0.000231269547778
20061005,0.000222689699538
20061006,0.000305978558483
20061008,0.000251903775293
20061009,0.000243743303541
20061010,0.000236425128495
20061011,0.000229532979616
20061012,0.000249639239901
20061013,0.000281734925044
20061015,0.000190989350204
20061016,0.000232466145467
20061017,0.000238569600889
20061018,0.000203288691003
20061019,0.000218215206514
20061020,0.000185422767445
20061022,0.000190981178561
20061023,0.000209597792744
20061024,0.00026792596544
20061025,0.00032160958158
20061026,0.000251739217635
20061027,0.000246024441836
20061029,0.000223013100015
20061030,0.000214242437944
20061031,0.000243719789384
20061101,0.00023350587175
20061102,0.000210596449075
20061103,0.000296307461848
20061105,0.000181680380781
20061106,0.000218362330317
20061107,0.000227478075365
20061108,0.000258853168234
20061109,0.000243569422486
20061110,0.00020661639692
20061112,0.00021641772637
20061113,0.00021538369813
20061114,0.000323816638423
20061115,0.000213086393592
20061116,0.00021316659278
20061117,0.000212178125728
20061119,0.000196131914301
20061120,0.00021253262187
20061121,0.000203807287951
20061122,0.000214505332083
20061123,0.000208061008606
20061124,0.000248748257627
20061126,0.000195578590854
20061127,0.000222475380514
20061128,0.000234292688378
20061129,0.00020640642489
20061130,0.000208682334559
20061201,0.00026808604015
20061203,0.000235102756725
20061204,0.000213379071199
20061205,0.000248013783799
20061206,0.000263084332966
20061207,0.000235063783072
20061208,0.000328889384741
20061210,0.000215023927775
20061211,0.000212205912745
20061212,0.000223816716183
20061213,0.000203787309452
20061214,0.00023490629398
20061215,0.000274213284103
20061217,0.000197573244273
20061218,0.000215986669938
20061219,0.000240556686377
20061220,0.000257877788714
20061221,0.00024736792454
20061222,0.000252250670827
20061225,0.00020432707273
20061226,0.00023375206551
20061227,0.000224403350679
20061228,0.000239772709357
20061229,0.000303149559252
20070101,0.000166526774291
20070102,0.000230032517399
20070103,0.000233534649366
20070104,0.000251897607499
20070105,0.000282471719456
20070107,0.000203435846126
20070108,0.000222900867418
20070109,0.000217639411974
20070110,0.000214717716777
20070111,0.000239028766477
20070112,0.000234035055664
20070114,0.000186092790625
20070115,0.000204289478403
20070116,0.000300805069402
20070117,0.00020846992736
20070118,0.000231712317224
20070119,0.000200341987819
20070121,0.000176938318124
20070122,0.000192001291586
20070123,0.000207017182489
20070124,0.000300034031981
20070125,0.000242697856932
20070126,0.000264574997064
20070128,0.00019677617498
20070129,0.000208180072911
20070130,0.000242429269799
20070131,0.000265029052543
20070201,0.000223512778758
20070202,0.000288065649256
20070204,0.000209115380048
20070205,0.0002175662487
20070206,0.000215156370024
20070207,0.00024050950312
20070208,0.000232081238011
20070209,0.000261557466583
20070211,0.000194616897551
20070212,0.000221324630506
20070213,0.000203030485309
20070214,0.000220553989398
20070215,0.00023794865424
20070216,0.000211376783231
20070218,0.000231836517617
20070219,0.000208572615647
20070220,0.000189682036439
20070221,0.000196127635557
20070222,0.000213016146901
20070223,0.00020650111615
20070225,0.000170682245009
20070226,0.000197682853638
20070227,0.000262954008295
20070228,0.000243658339498
20070301,0.000261501222963
20070302,0.00027147049902
20070304,0.00027622333429
20070305,0.000321093519071
20070306,0.000250763413494
20070307,0.000303634799913
20070308,0.000241183007377
20070309,0.000258404774679
20070311,0.000244728542799
20070312,0.000260631959518
20070313,0.000283722005604
20070314,0.000291978958805
20070315,0.00025504293369
20070316,0.000262092930663
20070318,0.000251228060534
20070319,0.000250393207461
20070320,0.000222025831055
20070321,0.000258281153775
20070322,0.000218718296637
20070323,0.000257429249664
20070325,0.000275236163266
20070326,0.000215035613711
20070327,0.000217557175993
20070328,0.00026572451996
20070329,0.000264793791884
20070330,0.000283556594208
20070401,0.000256743242496
20070402,0.000218252840653
20070403,0.00022134927143
20070404,0.000241574503524
20070405,0.000240606196913
20070406,0.00029532873787
20070408,0.000228787429909
20070409,0.000244036170564
20070410,0.00020818199225
20070411,0.000208277863707
20070412,0.00025581940463
20070413,0.000214232867932
20070415,0.000196117073738
20070416,0.00019563409854
20070417,0.000230008910799
20070418,0.000269291434115
20070419,0.000262819735345
20070420,0.000196818038698
20070422,0.000185627971353
20070423,0.000226579973744
20070424,0.000221873107437
20070425,0.00026711992542
20070426,0.000263022646004
20070427,0.000295100599411
20070429,0.000216404306832
20070430,0.000234267873987
20070501,0.000223800392421
20070502,0.000214485572052
20070503,0.000230271295433
20070504,0.000249418538066
20070506,0.000260520106583
20070507,0.000198325411828
20070508,0.00021227099718
20070509,0.000226221482629
20070510,0.00024210421212
20070511,0.000237479976237
20070513,0.000299869351916
20070514,0.000213578742444
20070515,0.000224711931179
20070516,0.000223122135071
20070517,0.000209964612199
20070518,0.000254388289765
20070520,0.000224229554961
20070521,0.000204713071166
20070522,0.000185420528454
20070523,0.000214050994944
20070524,0.000215646364803
20070525,0.000239296323561
20070527,0.000172279441496
20070528,0.000209013996806
20070529,0.00021321733967
20070530,0.000209786271711
20070531,0.000218310813358
20070601,0.000249917860161
20070603,0.000152841871589
20070604,0.000188013806867
20070605,0.000234611282389
20070606,0.000259385694538
20070607,0.000239747640371
20070608,0.000269905877289
20070610,0.000612695854362
20070611,0.000243025846131
20070612,0.000199749964292
20070613,0.000279281113072
20070614,0.00021226635286
20070615,0.000223193912606
20070617,0.000202864717912
20070618,0.000203318078443
20070619,0.000200591484562
20070620,0.000203155903372
20070621,0.000221443302914
20070622,0.000308063045221
20070624,0.000219299476393
20070625,0.000200399682875
20070626,0.000205353828734
20070627,0.000233907546614
20070628,0.000239472347408
20070629,0.000230651535261
20070701,0.000216367201217
20070702,0.000235787203083
20070703,0.000198405015615
20070704,0.000179221894609
20070705,0.000189395060434
20070706,0.000199780409084
20070708,0.000181430617092
20070709,0.000185097050784
20070710,0.00024335501958
20070711,0.000236553218916
20070712,0.000222514139372
20070713,0.000224801675913
20070715,0.000285658600994
20070716,0.000197131656723
20070717,0.000186991522442
20070718,0.000198428985188
20070719,0.000173391120018
20070720,0.00021158438333
20070722,0.000223400735455
20070723,0.000201886905287
20070724,0.000232274005707
20070725,0.000263156638627
20070726,0.000338741209767
20070727,0.00046991390787
20070729,0.000388787492461
20070730,0.00031678938989
20070731,0.000285203139699
20070801,0.000366129509011
20070802,0.000254065802486
20070803,0.000302817956999
20070805,0.000260572824783
20070806,0.000220115721789
20070807,0.000260080925619
20070808,0.000289351729179
20070809,0.000359328257618
20070810,0.000352112128699
20070812,0.00024485820373
20070813,0.000320995700669
20070814,0.000281317344011
20070815,0.000521937605358
20070816,0.000899211382284
20070817,0.000922349420367
20070819,0.000507976887611
20070820,0.000459293561453
20070821,0.000436859960042
20070822,0.000313021839144
20070823,0.000366166478824
20070824,0.000333820605073
20070826,0.000272307942255
20070827,0.00029914962668
20070828,0.00037855651222
20070829,0.000363437076034
20070830,0.000374756207654
20070831,0.00040105150478
20070902,0.000253679770759
20070903,0.000307539556165
20070904,0.000277292334315
20070905,0.000323617322517
20070906,0.000283443500008
20070907,0.000358817411287
20070909,0.000295315583388
20070910,0.000292879496721
20070911,0.000258731531019
20070912,0.000289564393157
20070913,0.000327667927564
20070914,0.000314232294525
20070916,0.000282229657911
20070917,0.000303360841141
20070918,0.000518162390985
20070919,0.000295938456414
20070920,0.000305539322427
20070921,0.000270204494349
20070923,0.000215847090836
20070924,0.000238778488745
20070925,0.000296205324508
20070926,0.000243753757144
20070927,0.000272773996705
20070928,0.000304254493963
20070930,0.000243683893531
20071001,0.000278959737743
20071002,0.000320182143134
20071003,0.000280476769094
20071004,0.000264414798787
20071005,0.000318465762371
20071007,0.000222631997384
20071008,0.000245676066866
20071009,0.00025100166581
20071010,0.00022676475358
20071011,0.000283161394355
20071012,0.000294270745176
20071014,0.000361799627426
20071015,0.000274211380983
20071016,0.000527606901689
20071017,0.000373862507395
20071018,0.000366240452488
20071019,0.000419872263708
20071021,0.000345626214201
20071022,0.000350773615928
20071023,0.000320343936119
20071024,0.000355760372351
20071025,0.000285699338722
20071026,0.000283690427013
20071028,0.000236027805307
20071029,0.000247969854284
20071030,0.000266531201179
20071031,0.000298933818152
20071101,0.000342730140268
20071102,0.000372634908268
20071104,0.000262149752961
20071105,0.000278775403705
20071106,0.000298804241665
20071107,0.000417121296666
20071108,0.000382247201083
20071109,0.000446235827084
20071111,0.000498945903887
20071112,0.000419377751023
20071113,0.000361176939294
20071114,0.000357820344942
20071115,0.000384290723612
20071116,0.00038939315289
20071118,0.000240498895532
20071119,0.000341756597463
20071120,0.000365460735753
20071121,0.000431168058093
20071122,0.000309632444294
20071123,0.000332376930386
20071125,0.0003476863313
20071126,0.000350407423862
20071127,0.000326536822482
20071128,0.000333273108795
20071129,0.000348848789314
20071130,0.000335826284134
20071202,0.000295089345846
20071203,0.000277032389102
20071204,0.000302015561436
20071205,0.000317812919375
20071206,0.000254188602475
20071207,0.000321515016329
20071209,0.000244641781474
20071210,0.000235989682543
20071211,0.000406740759328
20071212,0.000358997434679
20071213,0.000290503586602
20071214,0.000319345854791
20071216,0.000274436193719
20071217,0.000300000060641
20071218,0.000278739396024
20071219,0.000302580613027
20071220,0.000250618503233
20071221,0.000301686649788
20071223,0.000275121747053
20071224,0.000242078213238
20071226,0.0003029909588
20071227,0.000300148605857
20071228,0.000321628629594
20071230,0.000266047243726
20071231,0.000344657755915
20080101,0.000196453482392
20080102,0.000253301717781
20080103,0.000281047655378
20080104,0.000286949187654
20080106,0.000294539111263
20080107,0.000287640818345
20080108,0.000271315336797
20080109,0.000256582361908
20080110,0.000288605547908
20080111,0.000287168664369
20080113,0.000279000603381
20080114,0.000247767040868
20080115,0.000327679404113
20080116,0.000415641307331
20080117,0.000409602410093
20080118,0.000416198819079
20080120,0.000287810504061
20080121,0.00035843500037
20080122,0.000540244434541
20080123,0.000405940795095
20080124,0.000345916782654
20080125,0.000346027676512
20080127,0.000263601333036
20080128,0.000280874984339
20080129,0.000248062496472
20080130,0.000392669965873
20080131,0.000346684773775
20080201,0.000391156187729
20080203,0.000253604391198
20080204,0.000253591747095
20080205,0.00029992212377
20080206,0.000337348200686
20080207,0.000350181365181
20080208,0.000322049573612
20080210,0.000284979751371
20080211,0.000265419373355
20080212,0.000257951065208
20080213,0.000282931447164
20080214,0.000271287575555
20080215,0.000262837108569
20080217,0.000284347801476
20080218,0.000224157722017
20080219,0.000247126674105
20080220,0.000294067956787
20080221,0.000254276588304
20080222,0.00028137809383
20080224,0.000215756502482
20080225,0.000255429325945
20080226,0.000265200839349
20080227,0.000276786916239
20080228,0.000289290872754
20080229,0.000422174988179
20080302,0.000327801801341
20080303,0.000321151114051
20080304,0.000300052828591
20080305,0.000321729035546
20080306,0.000282034504934
20080307,0.000420430083146
20080309,0.000212315965716
20080310,0.000305513697934
20080311,0.000303333327173
20080312,0.000313250006273
20080313,0.000293395318228
20080314,0.000363627052993
20080316,0.000638072684821
20080317,0.000410577700315
20080318,0.00039420860669
20080319,0.000405146922558
20080320,0.000366998651096
20080321,0.000292938786373
20080323,0.000304233444326
20080324,0.000269464441843
20080325,0.000275723541241
20080326,0.000312723100543
20080327,0.00027339314269
20080328,0.000310315495935
20080330,0.000266774558812
20080331,0.000276483087551
20080401,0.000284432274857
20080402,0.000289575201466
20080403,0.000283409814056
20080404,0.000291838970256
20080406,0.000239753651351
20080407,0.00027767001497
20080408,0.000266231374126
20080409,0.000267461087984
20080410,0.000285614294271
20080411,0.000284088792668
20080413,0.000299551617293
20080414,0.000279224536539
20080415,0.000280473590034
20080416,0.000270307639146
20080417,0.000286925361823
20080418,0.000324179281039
20080420,0.000200639362421
20080421,0.000238110659237
20080422,0.000260543116785
20080423,0.000257854669025
20080424,0.000294076883152
20080425,0.000358375908192
20080427,0.000199923437312
20080428,0.000247645173286
20080429,0.000281692029543
20080430,0.000283230801183
20080501,0.000295891845341
20080502,0.000293479507474
20080504,0.000200695701841
20080505,0.000221068025224
20080506,0.000236489352471
20080507,0.000307574609129
20080508,0.000273952150017
20080509,0.000268145677396
20080511,0.00024768828356
20080512,0.000248749515533
20080513,0.000263615825477
20080514,0.000330044006934
20080515,0.000278550272819
20080516,0.000290699134068
20080518,0.000195878380078
20080519,0.00024013399971
20080520,0.000240957335768
20080521,0.000273290711757
20080522,0.000271355620142
20080523,0.000258842298021
20080525,0.000227225401998
20080526,0.000223419881292
20080527,0.000229719844245
20080528,0.000246625123252
20080529,0.000268872575206
20080530,0.00025424742774
20080601,0.000243646378486
20080602,0.000237418026911
20080603,0.000271107340101
20080604,0.000346009924863
20080605,0.000259267120026
20080606,0.000297149119372
20080608,0.000213017707567
20080609,0.000275207994284
20080610,0.000316081521521
20080611,0.000243413386472
20080612,0.000274744800354
20080613,0.000252368957108
20080615,0.000223998818093
20080616,0.000250040081222
20080617,0.000234919316016
20080618,0.000205435305377
20080619,0.000236483540439
20080620,0.000232820068434
20080622,0.000204142273731
20080623,0.000208906428876
20080624,0.000206815863994
20080625,0.000232241445658
20080626,0.000241643166487
20080627,0.000247551901619
20080629,0.000216288333593
20080630,0.000240490812234
20080701,0.000247823091175
20080702,0.000219677614766
20080703,0.0002712899797
20080704,0.000228126543685
20080706,0.000245283979846
20080707,0.000225789511989
20080708,0.000227099022142
20080709,0.000246421792677
20080710,0.000222613631574
20080711,0.000287046406524
20080713,0.000286403169759
20080714,0.000205040259335
20080715,0.000271200314441
20080716,0.000225975851553
20080717,0.000254274348518
20080718,0.000239640634759
20080720,0.000179301256401
20080721,0.00020957622758
20080722,0.000219651289145
20080723,0.00038927443931
20080724,0.000259005073112
20080725,0.000273440640481
20080727,0.000251515686629
20080728,0.000199396169042
20080729,0.000242203517248
20080730,0.000271772691259
20080731,0.000283874621915
20080801,0.000299956147113
20080803,0.000211688395359
20080804,0.000218530455306
20080805,0.000249683639705
20080806,0.00026229663739
20080807,0.000330020399204
20080808,0.000354251685331
20080810,0.000343395298035
20080811,0.000305660037469
20080812,0.000370400215175
20080813,0.000380422197475
20080814,0.000374218129108
20080815,0.000311211413835
20080817,0.000308864432785
20080818,0.00028544008592
20080819,0.000282764680966
20080820,0.000262362607484
20080821,0.000286523217965
20080822,0.000291481851436
20080824,0.000337907264313
20080825,0.000300112502406
20080826,0.000346645451718
20080827,0.000293026753033
20080828,0.000296760333226
20080829,0.000337205454631
20080831,0.000288330471767
20080901,0.000283387582952
20080902,0.000385062812992
20080903,0.00041145302033
20080904,0.000477645655072
20080905,0.000580312238591
20080907,0.000539681165729
20080908,0.000477562396354
20080909,0.000477631651901
20080910,0.000509520027081
20080911,0.000435959246273
20080912,0.000457665935275
20080914,0.000422661821083
20080915,0.00053506464622
20080916,0.000614908047788
20080917,0.000582280534986
20080918,0.000573421250524
20080919,0.00053708528084
20080921,0.000440132894154
20080922,0.000434010717998
20080923,0.000439425993015
20080924,0.000382850982544
20080925,0.000438209865617
20080926,0.000382879787157
20080928,0.000385371136463
20080929,0.000467021721313
20080930,0.000485003195454
20081001,0.000454234767922
20081002,0.000438563353457
20081003,0.000539326809345
20081005,0.000400573718047
20081006,0.00106361661654
20081007,0.000904154042684
20081008,0.00143532749376
20081009,0.00107871005185
20081010,0.00124515917733
20081012,0.000918532961398
20081013,0.000788021346385
20081014,0.000804866265627
20081015,0.000906159055291
20081016,0.000940965853603
20081017,0.00076986996183
20081019,0.000713041426454
20081020,0.000621424658765
20081021,0.000648609901534
20081022,0.000848143660355
20081023,0.000896825674958
20081024,0.00130065023352
20081026,0.00092669348137
20081027,0.000814148125288
20081028,0.000854434991238
20081029,0.000954862930143
20081030,0.000879616290512
20081031,0.000958640545771
20081102,0.000545102352069
20081103,0.000682785862565
20081104,0.000705282037053
20081105,0.000677205276981
20081106,0.000861430734737
20081107,0.000687157855406
20081109,0.000572773488963
20081110,0.000594906457609
20081111,0.00062619108072
20081112,0.000795809442468
20081113,0.000883318896217
20081114,0.0007650861461
20081116,0.00062563563236
20081117,0.000600864134508
20081118,0.00055598067578
20081119,0.000620084870711
20081120,0.000904832571044
20081121,0.000780214194111
20081123,0.000736058478934
20081124,0.000621709470357
20081125,0.000818734248989
20081126,0.000596992393183
20081127,0.00048125105822
20081128,0.000535837819458
20081130,0.000410182339493
20081201,0.000562730448902
20081202,0.000596222466125
20081203,0.000585988898127
20081204,0.000564800438889
20081205,0.000759146937724
20081207,0.000454856966121
20081208,0.000559544927643
20081209,0.000586826487098
20081210,0.000572756924175
20081211,0.000697323535525
20081212,0.000733588911755
20081214,0.00063877774119
20081215,0.000555774879987
20081216,0.000611843346285
20081217,0.000711480088437
20081218,0.000767222349464
20081219,0.000738863696501
20081221,0.000562974017534
20081222,0.000572948963923
20081223,0.000526585474228
20081224,0.000586544314009
20081226,0.000586767925334
20081228,0.0005668017019
20081229,0.000472159831992
20081230,0.000540034740992
20081231,0.000749942428676
20090101,0.000660885738399
20090102,0.000619699559801
20090104,0.000545353826797
20090105,0.000506949807567
20090106,0.000515217873368
20090107,0.000490793056141
20090108,0.000527511867715
20090109,0.000533581349726
20090111,0.00048804760797
20090112,0.000520686919845
20090113,0.000546548837987
20090114,0.000593686434439
20090115,0.000670177697376
20090116,0.000630158603545
20090118,0.0004315476611
20090119,0.0005145073836
20090120,0.000576453037167
20090121,0.000698467012305
20090122,0.000590386219224
20090123,0.000620676139898
20090125,0.000636285252636
20090126,0.000602324281898
20090127,0.000546354594175
20090128,0.000653367252374
20090129,0.000560592993105
20090130,0.000577085561498
20090201,0.000455664519847
20090202,0.000590303058417
20090203,0.00055220606481
20090204,0.000659478596951
20090205,0.000626039616992
20090206,0.000656293045835
20090208,0.000529300204986
20090209,0.000564682601314
20090210,0.00077124813349
20090211,0.000616848007533
20090212,0.00063342795681
20090213,0.00059315823334
20090215,0.000486305666906
20090216,0.000463282116123
20090217,0.000506141285643
20090218,0.000506709315031
20090219,0.000503698943216
20090220,0.000660776990485
20090222,0.000548299578439
20090223,0.000523900881955
20090224,0.000510809786162
20090225,0.000423803517883
20090226,0.000447796400708
20090227,0.000578617713468
20090301,0.000595278573198
20090302,0.000525725165997
20090303,0.000507981465967
20090304,0.000478690992182
20090305,0.000512401366556
20090306,0.000608909869217
20090308,0.000461925080345
20090309,0.000487165396448
20090310,0.000493229779928
20090311,0.000537204683743
20090312,0.000512081112645
20090313,0.000520706507795
20090315,0.000445912545983
20090316,0.000394414931013
20090317,0.000384411597897
20090318,0.000580689515834
20090319,0.000535751764945
20090320,0.000523425958668
20090322,0.000364812716258
20090323,0.000424824834493
20090324,0.000482512635437
20090325,0.000569428812554
20090326,0.000419602087707
20090327,0.000517601377913
20090329,0.000457710161329
20090330,0.000473064361579
20090331,0.000497625415658
20090401,0.00047319154393
20090402,0.000503137466539
20090403,0.000573919447814
20090405,0.000398478744599
20090406,0.000445100368418
20090407,0.000467866165729
20090408,0.00042086387933
20090409,0.00044242494903
20090410,0.000399650935144
20090412,0.000541813576118
20090413,0.000409398961882
20090414,0.000413437233038
20090415,0.000477943306483
20090416,0.000514653241686
20090417,0.000387910713087
20090419,0.000502727829244
20090420,0.000418564857656
20090421,0.000515383404419
20090422,0.000463300914631
20090423,0.000427486603541
20090424,0.000462169476206
20090426,0.000549897845715
20090427,0.00044450255877
20090428,0.000422560285035
20090429,0.000589114592502
20090430,0.000503100314833
20090501,0.000467285740199
20090503,0.000615636640653
20090504,0.000389807728276
20090505,0.000459334024746
20090506,0.000525668454606
20090507,0.000464183728153
20090508,0.000472282203144
20090510,0.00036944065004
20090511,0.000452532078495
20090512,0.000436202883631
20090513,0.000503046817097
20090514,0.000465089400067
20090515,0.000463351693825
20090517,0.00044944208413
20090518,0.000382000362551
20090519,0.000427153292593
20090520,0.000458440668757
20090521,0.000466487045471
20090522,0.000451273157476
20090524,0.000390672940416
20090525,0.00033796463141
20090526,0.000382035555235
20090527,0.000453491672351
20090528,0.000472848775679
20090529,0.000427284382323
20090531,0.000462336816219
20090601,0.000405885438373
20090602,0.0003986521587
20090603,0.000464803411444
20090604,0.000607675154962
20090605,0.000590365445972
20090607,0.000411280922581
20090608,0.000420479736967
20090609,0.000414903903816
20090610,0.000471817030592
20090611,0.000420110662576
20090612,0.000376311108714
20090614,0.000310824672547
20090615,0.000419130342479
20090616,0.000475464922629
20090617,0.000454449594371
20090618,0.000431437057124
20090619,0.000421796101664
20090621,0.000333398666824
20090622,0.00036700207411
20090623,0.000448905595373
20090624,0.000443412984048
20090625,0.000382475696644
20090626,0.000407278860217
20090628,0.00033627594687
20090629,0.000315127641256
20090630,0.000359992505291
20090701,0.000361212974261
20090702,0.000408689547876
20090703,0.000288737476207
20090705,0.000283387223225
20090706,0.00036310235608
20090707,0.000349800188656
20090708,0.000421596334935
20090709,0.000377603681425
20090710,0.000427467013157
20090712,0.00029486254491
20090713,0.000356781436385
20090714,0.000372275299106
20090715,0.000354879482714
20090716,0.000395806409161
20090717,0.000316849431972
20090719,0.000261293934981
20090720,0.000313317975968
20090721,0.000336501751619
20090722,0.000322185595618
20090723,0.000340724304701
20090724,0.000292521788369
20090726,0.000306119180936
20090727,0.000293221424724
20090728,0.000303276093695
20090729,0.000429910016979
20090730,0.000305372052084
20090731,0.000400501367819
20090802,0.000353841176001
20090803,0.000297459067372
20090804,0.000336556693952
20090805,0.000325393589134
20090806,0.00031147049151
20090807,0.00054675163636
20090809,0.000286458694524
20090810,0.00027999718863
20090811,0.000291532552844
20090812,0.000391188438301
20090813,0.000345880085507
20090814,0.00039067571787
20090816,0.000323802239443
20090817,0.000355544327242
20090818,0.000325038671463
20090819,0.00035230655832
20090820,0.000305171953362
20090821,0.000366737723295
20090823,0.000260825983
20090824,0.00027008257405
20090825,0.000277338648618
20090826,0.000306315795677
20090827,0.000305566842765
20090828,0.000335850546564
20090830,0.000286849529926
20090831,0.000298508781241
20090901,0.000378241563425
20090902,0.000364905213049
20090903,0.000305889529773
20090904,0.000374176440358
20090906,0.000171559027505
20090907,0.00022060463464
20090908,0.000280664280729
20090909,0.000333340323489
20090910,0.000299109524279
20090911,0.000296442063166
20090913,0.000269690634326
20090914,0.000272549437339
20090915,0.000251736836768
20090916,0.000269583247686
20090917,0.000237262873967
20090918,0.000266221108684
20090920,0.000172664815017
20090921,0.000288267169204
20090922,0.000322823212447
20090923,0.000295279859123
20090924,0.000312251499729
20090925,0.00035473031985
20090927,0.000403486280062
20090928,0.000252781859847
20090929,0.000294787327459
20090930,0.000276616415214
20091001,0.000318019328239
20091002,0.000413046122389
20091004,0.000282132752092
20091005,0.000280264978413
20091006,0.000272820466454
20091007,0.000305659128763
20091008,0.000243523893334
20091009,0.000275403110839
20091011,0.000295012639529
20091012,0.00025993235045
20091013,0.000279951257391
20091014,0.000297505073238
20091015,0.000265506443084
20091016,0.000290447904811
20091018,0.00027787245309
20091019,0.000269745280047
20091020,0.000287217904372
20091021,0.000310123714966
20091022,0.000308818431296
20091023,0.000282387685815
20091025,0.000341685212464
20091026,0.000278268663642
20091027,0.000324067599477
20091028,0.000368051992164
20091029,0.000320599508032
20091030,0.000382593602273
20091101,0.000494683120985
20091102,0.000379233032245
20091103,0.000395285920236
20091104,0.000349214521323
20091105,0.000291075915242
20091106,0.000382164359898
20091108,0.000291179024267
20091109,0.000249657043546
20091110,0.000285825770644
20091111,0.000271716159579
20091112,0.000273411010379
20091113,0.000284660784392
20091115,0.000217853470008
20091116,0.000255390549995
20091117,0.000284870127138
20091118,0.000263170725863
20091119,0.000311483275516
20091120,0.000327098167386
20091122,0.000317652754534
20091123,0.000275075328783
20091124,0.000294670873916
20091125,0.000285629054478
20091126,0.000436779187777
20091127,0.000484146890599
20091129,0.000334358974168
20091130,0.000372295646129
20091201,0.000274085690235
20091202,0.000265647340083
20091203,0.00025895578721
20091204,0.000371806506669
20091206,0.00029029548311
20091207,0.000310152423179
20091208,0.000330271555701
20091209,0.000373898314949
20091210,0.000278038896436
20091211,0.000285853171948
20091213,0.00039593444542
20091214,0.000237539297665
20091215,0.000280777565873
20091216,0.000320388428133
20091217,0.000283751374418
20091218,0.000301408088975
20091220,0.000227286021159
20091221,0.000229869245644
20091222,0.000253706350881
20091223,0.000235940760697
20091224,0.000260169613073
20091227,0.000284447416687
20091228,0.000184076216518
20091229,0.000265376447024
20091230,0.000254492088323
20091231,0.000406179598449
20100103,0.000240783984879
20100104,0.000254895221636
20100105,0.000279707332052
20100106,0.000290253793391
20100107,0.000244718133184
20100108,0.000366858340899
20100110,0.000212233812496
20100111,0.000240608151717
20100112,0.000276498607633
20100113,0.000276682708518
20100114,0.000241721973183
20100115,0.00025630713707
20100117,0.000228510198637
20100118,0.000201686552608
20100119,0.000304461439357
20100120,0.000295241550173
20100121,0.000350244373747
20100122,0.000364433685824
20100124,0.000261356168699
20100125,0.000270447645648
20100126,0.000337090012918
20100127,0.000349245012824
20100128,0.000300397890772
20100129,0.000340464643292
20100131,0.000266467531753
20100201,0.000297633644202
20100202,0.000251738956943
20100203,0.00033877436175
20100204,0.000332680092699
20100205,0.000466122854836
20100207,0.00026770209982
20100208,0.000293727679462
20100209,0.000345849588971
20100210,0.000340667790707
20100211,0.000302952841523
20100212,0.000364654663388
20100214,0.000168825246767
20100215,0.000236668732441
20100216,0.000239951415961
20100217,0.000259665787536
20100218,0.000356766944111
20100219,0.000305494135205
20100221,0.000212181239401
20100222,0.000228201780019
20100223,0.000301274384546
20100224,0.000325240529005
20100225,0.000321167149313
20100226,0.000327049576409
20100228,0.000259463802861
20100301,0.000289106008869
20100302,0.000275755626228
20100303,0.000280750569319
20100304,0.000272038899171
20100305,0.000291563911322
20100307,0.000228608365599
20100308,0.000214818765062
20100309,0.000237893345366
20100310,0.000289996433251
20100311,0.000228983367623
20100312,0.000245015702084
20100314,0.000213790503514
20100315,0.000216879165345
20100316,0.000234374618151
20100317,0.000217848648528
20100318,0.000238200316408
20100319,0.000246155989678
20100321,0.000194057773173
20100322,0.000239885236449
20100323,0.000237678993397
20100324,0.000261284860951
20100325,0.000258863897929
20100326,0.000286693564888
20100328,0.000202415665771
20100329,0.000212718916587
20100330,0.000221818491169
20100331,0.000260635688389
20100401,0.000227283530735
20100402,0.000203594758595
20100404,0.000180498196553
20100405,0.000197957543607
20100406,0.000250222178921
20100407,0.000225298069371
20100408,0.000219764853966
20100409,0.000254242111091
20100411,0.000219615540938
20100412,0.000201305348604
20100413,0.0002522693068
20100414,0.000208367487224
20100415,0.000214229336114
20100416,0.000264954156048
20100418,0.000217003087664
20100419,0.000285684081922
20100420,0.000223991375384
20100421,0.000193736472839
20100422,0.000247032775584
20100423,0.000250003496189
20100425,0.00020888884373
20100426,0.000222781736425
20100427,0.000273964073358
20100428,0.000295877482632
20100429,0.000197154406503
20100430,0.00025566438515
20100502,0.000219869553231
20100503,0.000198267782085
20100504,0.000266092478879
20100505,0.000321820141451
20100506,0.000536263935161
20100507,0.000496722178599
20100509,0.000532998505642
20100510,0.000291368456595
20100511,0.000265647072438
20100512,0.000272323191
20100513,0.00025655130014
20100514,0.000301479727935
20100516,0.000374834978308
20100517,0.000318372320427
20100518,0.000377979565348
20100519,0.000484158903531
20100520,0.000710665386621
20100521,0.00067973832401
20100523,0.000452967604553
20100524,0.00037479194812
20100525,0.000413164250875
20100526,0.00040563765855
20100527,0.000387635102213
20100528,0.000323815818878
20100530,0.000323290271478
20100531,0.000406796425609
20100601,0.000403801069644
20100602,0.000363239567265
20100603,0.000356276953102
20100604,0.000424842094165
20100606,0.000533426635716
20100607,0.000378641907318
20100608,0.000413015892782
20100609,0.000388690273595
20100610,0.000356336569972
20100611,0.000359356509931
20100613,0.000243756003853
20100614,0.000281157996526
20100615,0.000288262772259
20100616,0.00030365308502
20100617,0.000304138123417
20100618,0.00025318282502
20100620,0.000453908809383
20100621,0.000275318765756
20100622,0.000285756335611
20100623,0.000337245817013
20100624,0.000301184148197
20100625,0.000329105563281
20100627,0.000251794428988
20100628,0.000248347864722
20100629,0.000325209227684
20100630,0.000358072135207
20100701,0.000366705983735
20100702,0.000335928150739
20100704,0.00028152033166
20100705,0.000257945004716
20100706,0.000315260369329
20100707,0.000348140174135
20100708,0.000272625243034
20100709,0.000271049629949
20100711,0.00025078677875
20100712,0.000267465072122
20100713,0.000292013587201
20100714,0.000294191988325
20100715,0.000320479291281
20100716,0.000325770563935
20100718,0.000248112929622
20100719,0.000298415125313
20100720,0.000279829276138
20100721,0.000304592959485
20100722,0.000280384191799
20100723,0.0003471656634
20100725,0.000293984477437
20100726,0.000227971565664
20100727,0.000240311069836
20100728,0.000324959326397
20100729,0.000242424936162
20100730,0.000303307058411
20100801,0.000243045139211
20100802,0.000236190522357
20100803,0.000244994346114
20100804,0.000288076852223
20100805,0.000234897746074
20100806,0.000318101044098
20100808,0.000242755156839
20100809,0.000215747110158
20100810,0.000316993103941
20100811,0.000275189724418
20100812,0.000282909287538
20100813,0.000267531391817
20100815,0.000294165624268
20100816,0.000286402052992
20100817,0.000255677547377
20100818,0.000271223855801
20100819,0.000283433582482
20100820,0.000286069250552
20100822,0.000210966651776
20100823,0.000276118137255
20100824,0.000308400922073
20100825,0.000305526277792
20100826,0.000280088933258
20100827,0.000316299536942
20100829,0.000272500231997
20100830,0.000225025164907
20100831,0.000267473333872
20100901,0.000258150885314
20100902,0.000230436164155
20100903,0.000290913229434
20100905,0.000208623742934
20100906,0.000222279437661
20100907,0.000235719810603
20100908,0.000237517267953
20100909,0.000223996834243
20100910,0.000213405303454
20100912,0.000198224879837
20100913,0.000219366697715
20100914,0.000241272876452
20100915,0.000271491924019
20100916,0.0002494771118
20100917,0.000245096645545
20100919,0.000272772429517
20100920,0.000222887930463
20100921,0.000254484495017
20100922,0.000294984495926
20100923,0.000249662341305
20100924,0.000256884847234
20100926,0.000208293674548
20100927,0.000199545197642
20100928,0.000232523743598
20100929,0.000238952061714
20100930,0.000236230641688
20101001,0.000301853385647
20101003,0.000152287067656
20101004,0.00025212939864
20101005,0.000268145257575
20101006,0.00024059340147
20101007,0.000280261060738
20101008,0.000412174727319
20101010,0.000246723982049
20101011,0.000241938002079
20101012,0.000272612549311
20101013,0.000260251923957
20101014,0.000243782439719
20101015,0.000326598690882
20101017,0.000277961592917
20101018,0.00025531833519
20101019,0.000355972405722
20101020,0.000293174270598
20101021,0.000259584575161
20101022,0.000284528034624
20101024,0.000270511471536
20101025,0.000237566606618
20101026,0.000266129880016
20101027,0.000277340474067
20101028,0.000251186195258
20101029,0.000303568192535
20101031,0.000265355714786
20101101,0.000248339003795
20101102,0.000268609320363
20101103,0.000386876620663
20101104,0.000241307170781
20101105,0.000319261911831
20101107,0.00022704121057
20101108,0.000243954379922
20101109,0.000305964484325
20101110,0.000341536149543
20101111,0.000261288455791
20101112,0.0003611185583
20101114,0.000251795081271
20101115,0.000268259048196
20101116,0.000281675363201
20101117,0.000245378313957
20101118,0.000223855036102
20101119,0.000302375473031
20101121,0.000369455915362
20101122,0.0002593692072
20101123,0.000306376399729
20101124,0.000281433380768
20101125,0.000235726061361
20101126,0.0003162751774
20101128,0.000282565620481
20101129,0.000262932866276
20101130,0.000295472359976
20101201,0.000264003095965
20101202,0.000273104574703
20101203,0.000306968938118
20101205,0.000214231235976
20101206,0.000254289960275
20101207,0.000255467526385
20101208,0.000306903711939
20101209,0.000255743790684
20101210,0.000227215311676
20101212,0.000184933252451
20101213,0.000244012907687
20101214,0.000256027209079
20101215,0.000264289082465
20101216,0.000254058198865
20101217,0.000225375021618
20101219,0.000218024972285
20101220,0.00021816326478
20101221,0.000213984790939
20101222,0.0002232544851
20101223,0.00022579123347
20101224,0.000199401496596
20101226,0.000235216990394
20101227,0.00022333553577
20101228,0.000253275469894
20101229,0.000225007393778
20101230,0.000220635112928
20101231,0.000330060680195
20110102,0.000247216544485
20110103,0.00020617478446
20110104,0.000271668417821
20110105,0.000266948050046
20110106,0.000227214171951
20110107,0.000312985696369
20110109,0.00027360999266
20110110,0.000243853369878
20110111,0.000245689009416
20110112,0.000240784303517
20110113,0.000236004977817
20110114,0.000261965576222
20110116,0.00018411049461
20110117,0.000214478978436
20110118,0.000223882045667
20110119,0.00023071893669
20110120,0.000306141312795
20110121,0.000250309180875
20110123,0.000218025927272
20110124,0.000226888477268
20110125,0.000234982315493
20110126,0.000253371729251
20110127,0.000263566646021
20110128,0.000261667114086
20110130,0.000199619721314
20110131,0.000227102023933
20110201,0.000234498899968
20110202,0.000262228156656
20110203,0.000235076838787
20110204,0.000268826368567
20110206,0.000208698913411
20110207,0.000204609470116
20110208,0.000240082432201
20110209,0.000214450996651
20110210,0.000254022396953
20110211,0.000248328555493
20110213,0.000213607997372
20110214,0.000216615166664
20110215,0.000226252359234
20110216,0.000288145863983
20110217,0.000243864813467
20110218,0.000239118008809
20110220,0.000235730378672
20110221,0.000245910940097
20110222,0.000294149241739
20110223,0.000256631310862
20110224,0.000271628915878
20110225,0.000242544919398
20110227,0.000242383508398
20110228,0.000231098294344
20110301,0.000261364229122
20110302,0.000229138077305
20110303,0.00024508918186
20110304,0.000253621578194
20110306,0.000197580300898
20110307,0.000213408982033
20110308,0.000221977024426
20110309,0.00028725500403
20110310,0.00023312947405
20110311,0.000284867741621
20110313,0.000309828038798
20110314,0.000290006287665
20110315,0.00035216970953
20110316,0.000540145686464
20110317,0.000366913729126
20110318,0.000274463233955
20110320,0.000249087734433
20110321,0.000227659298474
20110322,0.000254125127639
20110323,0.000254375328273
20110324,0.000215976721931
20110325,0.000235393589929
20110327,0.000240735815235
20110328,0.000228378918062
20110329,0.000233443807202
20110330,0.000326187793352
20110331,0.000217713745046
20110401,0.000263109473206
20110403,0.000186412902303
20110404,0.000200673801488
20110405,0.000222584841193
20110406,0.000242970859476
20110407,0.000253736403348
20110408,0.000213340615011
20110410,0.000263154792333
20110411,0.000229164218283
20110412,0.000266804416497
20110413,0.000249709902709
20110414,0.000254332986567
20110415,0.000234290763977
20110417,0.000303991229074
20110418,0.000273938265552
20110419,0.000252854950878
20110420,0.000245392355152
20110421,0.000240107731787
20110422,0.00022399325541
20110424,0.000289831908745
20110425,0.000204135037014
20110426,0.000213737759633
20110427,0.000282473158528
20110428,0.000237414965662
20110429,0.000205953255692
20110501,0.000403012304766
20110502,0.000225660191028
20110503,0.000266498107889
20110504,0.000309867932811
20110505,0.000329116273386
20110506,0.000386858843764
20110508,0.000275060453943
20110509,0.000262572126153
20110510,0.000250509583442
20110511,0.000279723035664
20110512,0.000303043298316
20110513,0.000317694536705
20110515,0.000277671752008
20110516,0.000286287536595
20110517,0.000312177007648
20110518,0.000280688987134
20110519,0.000247417251119
20110520,0.000290374982527
20110522,0.00021882630454
20110523,0.000274174998991
20110524,0.000254455491694
20110525,0.000272466694565
20110526,0.000265404826914
20110527,0.00028277131265
20110529,0.000230286198824
20110530,0.000214666558661
20110531,0.000230268538216
20110601,0.000254009290366
20110602,0.000271528783024
20110603,0.000298274279846
20110605,0.000195998044386
20110606,0.000210593787612
20110607,0.000221436644813
20110608,0.000258135189532
20110609,0.000231168852775
20110610,0.000246719769027
20110612,0.000367025088089
20110613,0.000243521772764
20110614,0.000248271547395
20110615,0.000262269486028
20110616,0.000298384598156
20110617,0.000283588144629
20110619,0.000310461490397
20110620,0.000241986712099
20110621,0.000234703850312
20110622,0.000227034875218
20110623,0.000286805958373
20110624,0.000263681597899
20110626,0.000274419757804
20110627,0.000231673487774
20110628,0.000228598223744
20110629,0.00026918270106
20110630,0.000215282690567
20110701,0.000207184626406
20110703,0.000215088532882
20110704,0.000209150483542
20110705,0.000216852092364
20110706,0.000225708549971
20110707,0.000195926320799
20110708,0.000270304367696
20110710,0.000205446827923
20110711,0.000237904024782
20110712,0.000334053351137
20110713,0.000330014431672
20110714,0.000264955754608
20110715,0.000264021887582
20110717,0.000272374448392
20110718,0.000224395482453
20110719,0.000222625317486
20110720,0.000206843719047
20110721,0.000219937025152
20110722,0.000200674043216
20110724,0.00021274022619
20110725,0.000215867371106
20110726,0.000238125396201
20110727,0.000247769493363
20110728,0.000222046520219
20110729,0.000279193485761
20110731,0.000264162882783
20110801,0.000224211318743
20110802,0.0002679731166
20110803,0.000306426530431
20110804,0.000359699162999
20110805,0.000483710876196
20110807,0.0004344073022
20110808,0.000533611871932
20110809,0.000688334585462
20110810,0.000472913839976
20110811,0.000427403168089
20110812,0.000376942685051
20110814,0.000230062276373
20110815,0.000265910335946
20110816,0.000320167367856
20110817,0.000274998979126
20110818,0.00031139522196
20110819,0.000336111440946
20110821,0.000341302272452
20110822,0.000252036827817
20110823,0.000283934483237
20110824,0.000258999113896
20110825,0.000263244506338
20110826,0.000310417912698
20110828,0.000254473311483
20110829,0.00020011792545
20110830,0.000242770682217
20110831,0.0002515464849
20110901,0.000230878840755
20110902,0.000294572431651
20110904,0.000244694879649
20110905,0.000290258082451
20110906,0.000339628611631
20110907,0.00025113923427
20110908,0.000259511306344
20110909,0.000304221677243
20110911,0.000272031815858
20110912,0.000320675033162
20110913,0.000337790198738
20110914,0.000360185147603
20110915,0.000343317434822
20110916,0.000302637658535
20110918,0.000301690418091
20110919,0.000339614973008
20110920,0.000281367505186
20110921,0.000421540170904
20110922,0.000561055016452
20110923,0.00050178267929
20110925,0.000365164178733
20110926,0.000446492004472
20110927,0.000367088711031
20110928,0.000353356626382
20110929,0.000435491165738
20110930,0.000376967777118
20111002,0.000324876597095
20111003,0.000446200401466
20111004,0.000471886043912
20111005,0.000356322951035
20111006,0.000406278215026
20111007,0.000428864415301
20111009,0.000287789049972
20111010,0.000283876974736
20111011,0.000301138760299
20111012,0.000311027209182
20111013,0.000329086419439
20111014,0.000303581050908
20111016,0.000250560057311
20111017,0.000302084461119
20111018,0.00036678517518
20111019,0.000274228144781
20111020,0.000377592097319
20111021,0.000311703931769
20111023,0.000269371812128
20111024,0.000267157363464
20111025,0.000327969719821
20111026,0.000334226329682
20111027,0.000259865196744
20111028,0.000270617430119
20111030,0.000328470871132
20111031,0.00029885267099
20111101,0.000371681423976
20111102,0.000361894210874
20111103,0.000355185892254
20111104,0.000339575812416
20111106,0.000270250345783
20111107,0.000276752092554
20111108,0.000247931838568
20111109,0.000283405238251
20111110,0.000309701691008
20111111,0.000251311395708
20111113,0.000236873374468
20111114,0.000259491261766
20111115,0.000276484816274
20111116,0.00031474766705
20111117,0.000303748541841
20111118,0.00031951140068
20111120,0.000262027985
20111121,0.000261276895215
20111122,0.000273388730883
20111123,0.000265334039686
20111124,0.000225725684268
20111125,0.000254537296852
20111127,0.000364760975856
20111128,0.000249444197773
20111129,0.000293546883069
20111130,0.000501774448071
20111201,0.000263141331775
20111202,0.000281149088375
20111204,0.000241140677495
20111205,0.000221937522828
20111206,0.000219406139447
20111207,0.000206282576856
20111208,0.00029360808839
20111209,0.000275539064852
20111211,0.000159380812368
20111212,0.000233289979784
20111213,0.000244626645971
20111214,0.000250477615424
20111215,0.000231071747673
20111216,0.00023736625126
20111218,0.00020947870741
20111219,0.000188174261141
20111220,0.000193734397358
20111221,0.000252549405265
20111222,0.000202851496173
20111223,0.000140940271252
20111226,8.35058006483e-05
20111227,0.000125499683389
20111228,0.00019209597379
20111229,0.000157578675046
20111230,0.000211005798937
20120102,0.000204229787373
20120103,0.000155071238891
20120104,0.000184171401902
20120105,0.000225066852775
20120106,0.000211028505019
20120108,0.000158430490544
20120109,0.000174796811971
20120110,0.000167250627583
20120111,0.000174132005682
20120112,0.000162111953611
20120113,0.000216672785996
20120115,0.000138974908704
20120116,0.000150935716348
20120117,0.000167724045754
20120118,0.000240793811246
20120119,0.000157928738076
20120120,0.000169906653786
20120122,0.000132894912575
20120123,0.000161291923179
20120124,0.000189412842286
20120125,0.000230164213099
20120126,0.000179663139941
20120127,0.000198894044857
20120129,0.0001513015447
20120130,0.000166909264342
20120131,0.000196042218336
20120201,0.000183265920001
20120202,0.000192603241193
20120203,0.000221569716499
20120205,0.000149996368759
20120206,0.000185041532039
20120207,0.000167330022652
20120208,0.000218976028888
20120209,0.000189242315319
20120210,0.000202068513118
20120212,0.000167534869012
20120213,0.00016421802004
20120214,0.000193562855264
20120215,0.000212968100262
20120216,0.000223441281554
20120217,0.000170118744389
20120219,0.000132167611625
20120220,0.00019351931036
20120221,0.000204171889627
20120222,0.00019028340692
20120223,0.000183597319985
20120224,0.000179318352795
20120226,0.0001466246231
20120227,0.000177139411239
20120228,0.000193968350578
20120229,0.000247368976307
20120301,0.000191296872558
20120302,0.000187844732671
20120304,0.000160049068514
20120305,0.00019397558868
20120306,0.000210958657961
20120307,0.000193511270531
20120308,0.000188896889422
20120309,0.000220743946234
20120311,0.000142562172562
20120312,0.000169889958476
20120313,0.000207738809614
20120314,0.000219816706955
20120315,0.000205607719873
20120316,0.000209608610605
20120318,0.000132559099632
20120319,0.000165154590406
20120320,0.000212907942755
20120321,0.000248573102271
20120322,0.000207519954013
20120323,0.000222422954454
20120325,0.00014986255564
20120326,0.000183108193348
20120327,0.000170368908144
20120328,0.000206254288087
20120329,0.000192225582825
20120330,0.000176689831343
20120401,0.000157411871694
20120402,0.00015963086298
20120403,0.000223264001365
20120404,0.000183040801634
20120405,0.000158944620298
20120406,0.000203998554154
20120408,0.000155092474917
20120409,0.000131329327873
20120410,0.000190134805672
20120411,0.000219713457251
20120412,0.000197990253254
20120413,0.000199513785586
20120415,0.000171803239713
20120416,0.000208094232014
20120417,0.00018235609723
20120418,0.000186685375552
20120419,0.000189727377792
20120420,0.000165986426454
20120422,0.000130717187521
20120423,0.000198538249198
20120424,0.000170265044263
20120425,0.000179322811883
20120426,0.000168439411562
20120427,0.000212573764339
20120429,0.000133849617669
20120430,0.000141302630547
20120501,0.000145561352681
20120502,0.000170957552686
20120503,0.000159190715666
20120504,0.000181671149375
20120506,0.00019707650557
20120507,0.000157815547475
20120508,0.00017931303876
20120509,0.000209910817091
20120510,0.000193126672891
20120511,0.000196819364221
20120513,0.00021423700496
20120514,0.000170694877399
20120515,0.000184151680882
20120516,0.000226251999242
20120517,0.000244738234606
20120518,0.000253336724126
20120520,0.000199861793604
20120521,0.000193360077453
20120522,0.000232130836746
20120523,0.000276053641246
20120524,0.000260101848768
20120525,0.000218224557364
20120527,0.000178685041378
20120528,0.000170690511362
20120529,0.000216600447215
20120530,0.000246153523379
20120531,0.000244241160608
20120601,0.000339050740488
20120603,0.000264787273064
20120604,0.000217048190671
20120605,0.000273113499008
20120606,0.000216555231565
20120607,0.000277610338873
20120608,0.000242155200702
20120610,0.000203878538421
20120611,0.000194384926142
20120612,0.000225950520834
20120613,0.000206894326797
20120614,0.000222703938218
20120615,0.00018408047253
20120617,0.000176821270412
20120618,0.000190945065254
20120619,0.000182723615312
20120620,0.000281745941843
20120621,0.000202662067306
20120622,0.000212077918067
20120624,0.000141336836526
20120625,0.000162525474434
20120626,0.000177720088448
20120627,0.000164863157412
20120628,0.000256308735509
20120629,0.000215393711069
20120701,0.000119061969264
20120702,0.000165938058065
20120703,0.000153213841546
20120704,0.000130703505023
20120705,0.000186605527172
20120706,0.000177454423749
20120708,0.000147200299417
20120709,0.000154885198575
20120710,0.000163219208132
20120711,0.0002070717891
20120712,0.000210074079429
20120713,0.000174805480414
20120715,0.000136761178573
20120716,0.000156564321163
20120717,0.000171344824527
20120718,0.000161104079718
20120719,0.000161940848814
20120720,0.000159982300933
20120722,0.000153298669817
20120723,0.000178080835298
20120724,0.00018992371681
20120725,0.000201810191779
20120726,0.000182501437724
20120727,0.000224739759645
20120729,0.000132317072121
20120730,0.000128750338454
20120731,0.000158640864207
20120801,0.000194069058105
20120802,0.000238029717065
20120803,0.000195138065631
20120805,0.000135373450415
20120806,0.000128153919091
20120807,0.000152209625658
20120808,0.000176061193346
20120809,0.000147275869821
20120810,0.000140620672065
20120812,0.000144745496484
20120813,0.000128461958241
20120814,0.000138750687805
20120815,0.000113851947013
20120816,0.000128682121669
20120817,0.00014590007363
20120819,0.000148881889062
20120820,0.000111734310377
20120821,0.000119461682926
20120822,0.000209566014884
20120823,0.000139066149342
20120824,0.000154310961016
20120826,0.000183895800509
20120827,0.000102620011615
20120828,0.000125010192599
20120829,0.000134284810493
20120830,0.000129790545033
20120831,0.000207900077121
20120902,0.00015241319348
20120903,0.000115923723226
20120904,0.00015061526704
20120905,0.000175422846517
20120906,0.00016408335294
20120907,0.000185907075758
20120909,0.000151926380597
20120910,0.000122782268853
20120911,0.000156627911877
20120912,0.000169995896148
20120913,0.000280648081246
20120914,0.000183363341193
20120916,0.000125088921244
20120917,0.000169427782537
20120918,0.000157747335625
20120919,0.00017894920169
20120920,0.000177911188837
20120921,0.000171175969713
20120923,0.000183202563485
20120924,0.0001492923917
20120925,0.000176812625196
20120926,0.000172536653473
20120927,0.000166973472389
20120928,0.000195965872482
20120930,0.00014379847343
20121001,0.000157059931169
20121002,0.000190295324585
20121003,0.000178807894419
20121004,0.000182240865641
20121005,0.000200995429341
20121007,0.000125041240561
20121008,0.000149800113095
20121009,0.000185172562175
20121010,0.000186750381586
20121011,0.00014426754318
20121012,0.000168568700295
20121014,0.000150462857636
20121015,0.000157189296173
20121016,0.000154701833596
20121017,0.000134865705453
20121018,0.000160098462168
20121019,0.00016064931778
20121021,0.000161257104968
20121022,0.000121671173442
20121023,0.0001625614623
20121024,0.000183433177626
20121025,0.00016936996597
20121026,0.000176114209536
20121028,0.000115990945576
20121029,0.000116318528306
20121030,0.000113322027125
20121031,0.000103158745884
20121101,0.000108741424505
20121102,0.000150997451731
20121104,0.000115250708568
20121105,0.000126197387793
20121106,0.000143153565009
20121107,0.000228108246603
20121108,0.000154079517078
20121109,0.000159919066076
20121111,0.000115606179678
20121112,0.000107203279666
20121113,0.000166174269799
20121114,0.000146558705717
20121115,0.000115557339739
20121116,0.000173224963096
20121118,0.000115003642816
20121119,0.000138342372807
20121120,0.000144754060103
20121121,0.000113531621209
20121122,8.87681278755e-05
20121123,0.000124941412217
20121125,0.000101431174558
20121126,0.000117380884491
20121127,0.000123580997926
20121128,0.000120832766124
20121129,0.000127386211308
20121130,0.00014758812001
20121202,0.000128731863036
20121203,0.00011684609059
20121204,0.000106079882701
20121205,0.00013238340946
20121206,0.000116577763775
20121207,0.000101917460358
20121209,0.000117880520995
20121210,8.55155627541e-05
20121211,9.63993592152e-05
20121212,0.000130922862401
20121213,9.58019601388e-05
20121214,0.000143298727008
20121216,0.000132453681936
20121217,0.000123387651479
20121218,0.000129911443656
20121219,0.000139416874311
20121220,0.000129218818558
20121221,0.000171338898748
20121223,0.000139428660469
20121224,0.000118834318756
20121226,0.000127667130676
20121227,0.000124707158094
20121228,0.000148340226526
20121230,0.000171301138297
20121231,0.000152605991396
20130101,0.000303235156901
20130102,0.000169528387862
20130103,0.000151818327136
20130104,0.000155841281817
20130106,0.000146005811648
20130107,0.000143788836883
20130108,0.000150221716302
20130109,0.000141283911584
20130110,0.000159950955635
20130111,0.000163905455288
20130113,0.000123226516991
20130114,0.000146443382411
20130115,0.000165913648353
20130116,0.000142451221348
20130117,0.000193155510657
20130118,0.000148390653652
20130120,0.000124781807635
20130121,0.000137664196169
20130122,0.000133258921126
20130123,0.000133018005093
20130124,0.000142314978317
20130125,0.00015512952844
20130127,0.000118086693575
20130128,0.000157454623675
20130129,0.000125460037684
20130130,0.000152140190265
20130131,0.000160773430651
20130201,0.000188454739641
20130203,0.000135243772727
20130204,0.000141985090314
20130205,0.000148762569215
20130206,0.000171273839274
20130207,0.000167114939632
20130208,0.000145065373138
20130210,0.000113939819039
20130211,0.000142853770699
20130212,0.000168226144269
20130213,0.000155711088408
20130214,0.000223472986382
20130215,0.000159824604128
20130217,0.000152492528075
20130218,0.000139682163368
20130219,0.000182125984586
20130220,0.000174383401942
20130221,0.000182441608881
20130222,0.000155026954317
20130224,0.000162943122378
20130225,0.000213905014044
20130226,0.000219262218751
20130227,0.000205655961876
20130228,0.000157013976229
20130301,0.000197935389577
20130303,0.000145776614591
20130304,0.000153414626735
20130305,0.000146569139601
20130306,0.000154361989858
20130307,0.000152853310498
20130308,0.000219210726809
20130310,9.85771672573e-05
20130311,0.000136650288852
20130312,0.000130607669877
20130313,0.000208699375068
20130314,0.000169667512814
20130315,0.000146394207155
20130317,0.000149531231544
20130318,0.000154300392284
20130319,0.000146824047006
20130320,0.000211782378443
20130321,0.000154450821273
20130322,0.000143359976397
20130324,0.000151703847303
20130325,0.000137780317041
20130326,0.000120495771447
20130327,0.000122818444485
20130328,0.000132528272689
20130329,9.35814658792e-05
20130331,0.000109028459845
20130401,0.000113228207367
20130402,0.000104027628339
20130403,0.000111070938888
20130404,0.000160410779009
20130405,0.000174391356816
20130407,0.000113831268076
20130408,0.000127128161438
20130409,0.000136018224066
20130410,0.00013768524365
20130411,0.000140677124799
20130412,0.000154186943531
20130414,0.00026406017294
20130415,0.000206751496266
20130416,0.000192401670453
20130417,0.000188596980307
20130418,0.000183397594316
20130419,0.000181835183719
20130421,0.000151956220926
20130422,0.000177111405041
20130423,0.000215545398615
20130424,0.000160750252443
20130425,0.000164906229884
20130426,0.000185893704279
20130428,0.000145379622837
20130429,0.000141840370121
20130430,0.000156772290147
20130501,0.00018945655459
20130502,0.00015614800857
20130503,0.000211276405979
20130505,0.000158748782321
20130506,0.000119365798101
20130507,0.000222652324223
20130508,0.000253499025601
20130509,0.000212920747335
20130510,0.000251886397488
20130512,0.000156237142066
20130513,0.000176795350276
20130514,0.000204146751881
20130515,0.00023359077515
20130516,0.000252511609612
20130517,0.000239824229789
20130519,0.000210748864819
20130520,0.000185662477548
20130521,0.000209706559048
20130522,0.000303232848714
20130523,0.000267784312981
20130524,0.000260712074749
20130526,0.000174907681476
20130527,0.000156302656535
20130528,0.000211840855384
20130529,0.000288942454953
20130530,0.000251678020084
20130531,0.000324894758003
20130602,0.000269303884067
20130603,0.000249298747545
20130604,0.000229658367144
20130605,0.000259763257324
20130606,0.000391179265436
20130607,0.000421209222428
20130609,0.000190531281684
20130610,0.000252679554441
20130611,0.000294780434034
20130612,0.000340792149427
20130613,0.000294840922829
20130614,0.000262296284745
20130616,0.000202219075867
20130617,0.000218992179662
20130618,0.000217591086628
20130619,0.000372530964323
20130620,0.000332669923943
20130621,0.000310444458905
20130623,0.00025950068054
20130624,0.000317407111736
20130625,0.000295407618877
20130626,0.000274987042943
20130627,0.00027169854612
20130628,0.000297106807167
20130630,0.00025121341214
20130701,0.000221651042043
20130702,0.000250327777961
20130703,0.000267384804517
20130704,0.000237425954671
20130705,0.000405037674349
20130707,0.000132672497468
20130708,0.000194189344484
20130709,0.000247925556274
20130710,0.000364889445116
20130711,0.00031328300325
20130712,0.000324205903892
20130714,0.000245910000942
20130715,0.000244769745865
20130716,0.000212013042375
20130717,0.000286938348843
20130718,0.000210377482324
20130719,0.000247883417815
20130721,0.000223003398487
20130722,0.000180178952186
20130723,0.0002258158132
20130724,0.000240995266862
20130725,0.000217526343177
20130726,0.0002023897186
20130728,0.00015825521806
20130729,0.000216012797391
20130730,0.000215575285732
20130731,0.000277124222988
20130801,0.000246651210482
20130802,0.000350755405623
20130804,0.000281652378831
20130805,0.000224125269735
20130806,0.000227425568986
20130807,0.000229074227289
20130808,0.00023680075424
20130809,0.000203591993202
20130811,0.000206239959818
20130812,0.000169381193733
20130813,0.000221462069139
20130814,0.000204847143815
20130815,0.000264961357122
20130816,0.000242720401949
20130818,0.000198342518261
20130819,0.000227670679813
20130820,0.000249355207097
20130821,0.000289272237134
20130822,0.00024216690225
20130823,0.000248540466033
20130825,0.000246727411025
20130826,0.000196173215464
20130827,0.000229661936347
20130828,0.000226145481567
20130829,0.000207156207013
20130830,0.000194464502063
20130901,0.000187866401533
20130902,0.000214351742671
20130903,0.000209669197736
20130904,0.000183983309354
20130905,0.000182587478114
20130906,0.000317995821367
20130908,0.000164663144969
20130909,0.000130703467521
20130910,0.000147736915665
20130911,0.000199320277644
20130912,0.00016814918699
20130913,0.00017426247073
20130915,0.000243664039312
20130916,0.00016523154349
20130917,0.000129301198968
20130918,0.000291178676868
20130919,0.000174839504096
20130920,0.000178757167757
20130922,0.000160662172245
20130923,0.000161685387117
20130924,0.000179855943462
20130925,0.000148784723972
20130926,0.00016560113327
20130927,0.000175242045525
20130929,0.000210363155887
20130930,0.000197189797642
20131001,0.000204580122225
20131002,0.000208467859934
20131003,0.000182929205206
20131004,0.000175382160328
20131006,0.000178524211263
20131007,0.000152312167416
20131008,0.000180566584519
20131009,0.000182442329684
20131010,0.000170266139856
20131011,0.000177213213431
20131013,0.000166474252185
20131014,0.000152797428225
20131015,0.000172377714792
20131016,0.000179570448803
20131017,0.000176616733664
20131018,0.000161433177796
20131020,0.000162631165713
20131021,0.000117265008081
20131022,0.000196267234691
20131023,0.000215172512142
20131024,0.000204311660265
20131025,0.000167536784039
20131027,0.000114519151733
20131028,0.000162257778224
20131029,0.00020350130259
20131030,0.000259091833043
20131031,0.000185895730096
20131101,0.000218047394059
20131103,0.000143017493953
20131104,0.000140357835423
20131105,0.000199291678686
20131106,0.000147462834098
20131107,0.000230853874901
20131108,0.000264834385833
20131110,0.00015298681078
20131111,0.000147370984491
20131112,0.000197623434812
20131113,0.000215857566015
20131114,0.000164340951943
20131115,0.000156696243524
20131117,0.000133577695111
20131118,0.000186042086825
20131119,0.000185982639835
20131120,0.000207754652409
20131121,0.0002283481911
20131122,0.000217387962486
20131124,0.000181815883579
20131125,0.000181339996373
20131126,0.000205275057818
20131127,0.00019695446244
20131128,0.000181950201902
20131129,0.000176779933662
20131201,0.000206139860397
20131202,0.000213379311594
20131203,0.000192592277298
20131204,0.000193715313475
20131205,0.00021888430176
20131206,0.000286872308799
20131208,0.00014837531675
20131209,0.000149578256587
20131210,0.000162952108586
20131211,0.000212099248261
20131212,0.000262233010364
20131213,0.00017806978678
20131215,0.000149860466146
20131216,0.000164887730632
20131217,0.000156482918158
20131218,0.000349977352515
20131219,0.000196240297606
20131220,0.000198738551116
20131222,0.00013532227283
20131223,0.000136937449355
20131224,0.000146343365144
20131226,0.00014573991447
20131227,0.000165439581559
20131229,0.000151899614915
20131230,0.000136797995736
20131231,0.000150263634268
20140101,0.000293481593991
20140102,0.000198971323476
20140103,0.00021015279609
20140105,0.000188602656036
20140106,0.000172003277096
20140107,0.000168809386837
20140108,0.000193722922118
20140109,0.000160110102315
20140110,0.000237188413129
20140112,0.000201289108875
20140113,0.000161580867957
20140114,0.000189242741529
20140115,0.000187475346887
20140116,0.000173605235006
20140117,0.000176802852858
20140119,0.000228392816987
20140120,0.000195934777773
20140121,0.000165446366746
20140122,0.000153494097209
20140123,0.00020490166854
20140124,0.000232966818663
20140126,0.00020952701118
20140127,0.000167710612095
20140128,0.000204529052575
20140129,0.000243504802532
20140130,0.000188636256753
20140131,0.000224968058964
20140202,0.000131059721186
20140203,0.000199104703434
20140204,0.000225231996294
20140205,0.000167564757655
20140206,0.000164632122178
20140207,0.000200929572729
20140209,0.000110477923766
20140210,0.000135680999354
20140211,0.000168475371791
20140212,0.000153321123241
20140213,0.000167249556616
20140214,0.000144884056009
20140216,0.000138876571283
20140217,0.000162669579225
20140218,0.00014452631406
20140219,0.000184495943997
20140220,0.000157162477855
20140221,0.000146875579853
20140223,0.000152426506827
20140224,0.000137599353862
20140225,0.000133569862109
20140226,0.000153576911109
20140227,0.000160957248791
20140228,0.000155585854842
20140302,0.000146709487001
20140303,0.000140178317375
20140304,0.000153160747075
20140305,0.000136843209705
20140306,0.000144286382142
20140307,0.000181361506714
20140309,0.000140096359632
20140310,0.000126688021698
20140311,0.000115097408174
20140312,0.000236414716079
20140313,0.000177058302113
20140314,0.000165515901222
20140316,0.000177163015016
20140317,0.000120868342744
20140318,0.000127056203613
20140319,0.000180772872406
20140320,0.000132862105933
20140321,0.000134167038894
20140323,0.000205066840915
20140324,0.000137669505272
20140325,0.000123808869661
20140326,0.000133154593386
20140327,0.000135024524353
20140328,0.00012399832678
20140330,0.00011926813542
20140331,0.000128980406102
20140401,0.000126268251706
20140402,0.000131745464289
20140403,0.000111063744526
20140404,0.000174832170439
20140406,0.000114573351179
20140407,0.000102643276611
20140408,0.000130516748748
20140409,0.000161886799486
20140410,0.000142367546757
20140411,0.000157974476856
20140413,0.000121033564405
20140414,0.000127860817967
20140415,0.000183664343423
20140416,0.000135743479425
20140417,0.00012884316275
20140418,0.000110258832996
20140420,0.000121130666142
20140421,9.33935062329e-05
20140422,0.000112302320577
20140423,0.000134241577177
20140424,0.000124807269134
20140425,0.000107500510554
20140427,7.81314412994e-05
20140428,0.000120479136906
20140429,0.000103193789742
20140430,0.000132981385227
20140501,0.000111157355134
20140502,0.000282544868217
20140504,0.000128514488649
20140505,8.48619185558e-05
20140506,0.000189173967102
20140507,0.000136999067577
20140508,0.000141098583368
20140509,0.000106735969442
20140511,9.36395830787e-05
20140512,8.20858857953e-05
20140513,0.000122866369394
20140514,0.000107295620345
20140515,0.000136548684525
20140516,0.000108333760161
20140518,8.39310324008e-05
20140519,9.53440932539e-05
20140520,0.000118313312966
20140521,0.0001304122369
20140522,0.00010200074505
20140523,0.000123556113021
20140525,0.000105959721675
20140526,8.9643047933e-05
20140527,0.000115705940093
20140528,0.000139490535315
20140529,0.000124086978855
20140530,0.000129934926963
20140602,0.000102311858391
20140603,0.000130256119582
20140604,0.000114676454782
20140605,0.000142893469612
20140606,0.000182015862123
20140608,9.23189694035e-05
20140609,9.96201256985e-05
20140610,0.000109781571434
20140611,0.000186610738699
20140612,0.000126541536582
20140613,0.000108052042023
20140615,0.000115791404685
20140616,0.000103897108177
20140617,9.49983860747e-05
20140618,0.000171715424281
20140619,0.000105240991077
20140620,9.79342392114e-05
20140622,0.000139930221373
20140623,9.37217767965e-05
20140624,0.000112206824836
20140625,0.000113086349818
20140626,0.000116923076467
20140627,9.45224621331e-05
20140629,0.000124331808347
20140630,0.000112493249436
20140701,0.000123616486661
20140702,0.00012199327982
20140703,0.000142986051912
20140704,7.7140852915e-05
20140706,0.000104765425335
20140707,9.4231324539e-05
20140708,0.000109683052104
20140709,0.000121202052189
20140710,9.44368617937e-05
20140711,8.61003537905e-05
20140713,8.90939013933e-05
20140714,8.06156705494e-05
20140715,0.000178261343533
20140716,9.59509994889e-05
20140717,0.000129760782856
20140718,0.000103042105864
20140720,0.000120530522403
20140721,9.77975982596e-05
20140722,0.00011895933762
20140723,0.000208277589895
20140724,0.00011483422257
20140725,9.74269822115e-05
20140727,7.95149672133e-05
20140728,8.54556005816e-05
20140729,0.000119364908425
20140730,0.000140639403359
20140731,0.000122502999568
20140801,0.000193042420522
20140803,0.000104949780233
20140804,7.95346080011e-05
20140805,0.000155268071462
20140806,0.000131427219165
20140807,0.000131172953558
20140808,0.000120972300635
20140810,8.99178257372e-05
20140811,9.00542277745e-05
20140812,9.01676571179e-05
20140813,0.00012491502292
20140814,9.79426414648e-05
20140815,0.000101285832322
20140817,8.9829643621e-05
20140818,9.85381993598e-05
20140819,0.000150196291843
20140820,0.00014464366686
20140821,0.000101363500491
20140822,0.000142203592419
20140824,0.00028541706901
20140825,0.00010202106384
20140826,0.00011384829812
20140827,0.0001214940662
20140828,0.000116637831729
20140829,0.000138059556225
20140831,8.29501889186e-05
20140901,8.89378255512e-05
20140902,0.000140137355638
20140903,0.000135193905713
20140904,0.000153881334028
20140905,0.000170583173281
20140907,0.00010229197314
20140908,0.00014125698952
20140909,0.000166395623144
20140910,0.000211582720467
20140911,0.000168741331574
20140912,0.000156826264534
20140914,0.000111511236571
20140915,0.000137524316345
20140916,0.000166018607598
20140917,0.000230795052705
20140918,0.00017894707215
20140919,0.000171178720124
20140921,0.000129969210484
20140922,0.000157697479194
20140923,0.000195836231774
20140924,0.000171953459466
20140925,0.00021168506487
20140926,0.000192674664781
20140928,0.000366386342213
20140929,0.000214771132404
20140930,0.000221491120071
20141001,0.00037515899259
20141002,0.000274397687599
20141003,0.000319846750173
20141005,0.00019941305824
20141006,0.000229731952702
20141007,0.000256857200932
20141008,0.000265981882951
20141009,0.000238478893039
20141010,0.000231675538934
20141012,0.000245542859297
20141013,0.000190477258555
20141014,0.000191045244442
20141015,0.000370188451251
20141016,0.0003526051827
20141017,0.000246374970858
20141019,0.000192561717872
20141020,0.000180540115206
20141021,0.000241696412205
20141022,0.000216913688744
20141023,0.000194143369168
20141024,0.000165532658439
20141026,0.000152948667799
20141027,0.000128793031494
20141028,0.000155965378391
20141029,0.000274669395834
20141030,0.000230625927504
20141031,0.000271732886601
20141102,0.00022679831936
20141103,0.000226517162629
20141104,0.000214999344771
20141105,0.00031756325855
20141106,0.000223539395355
20141107,0.000319349442065
20141109,0.000177587427296
20141110,0.00017310429462
20141111,0.000245070737652
20141112,0.000223188124637
20141113,0.000187988429518
20141114,0.000246165500616
20141116,0.000207203789017
20141117,0.000157927430434
20141118,0.000211850462301
20141119,0.000236637088126
20141120,0.000224961454231
20141121,0.000277779103874
20141123,0.000131014057319
20141124,0.000178736488049
20141125,0.000186308442685
20141126,0.000222696060302
20141127,0.000179718874786
20141128,0.000192626386016
20141130,0.000220571297733
20141201,0.000223057428692
20141202,0.000215135005914
20141203,0.000191735288664
20141204,0.000218490926356
20141205,0.000261928987343
20141207,0.000227691645888
20141208,0.000189971034577
20141209,0.000281034033562
20141210,0.000388976815831
20141211,0.000249677858406
20141212,0.000208701024353
20141214,0.000261886927131
20141215,0.000199701483059
20141216,0.000267721617811
20141217,0.000336363867795
20141218,0.000203877221441
20141219,0.000147197286217
20141221,0.000187555742229
20141222,0.000126084659355
20141223,0.000151813531938
20141224,0.000166655856526
20141225,0.000119647340315
20141226,9.24703608297e-05
20141228,0.000141125013682
20141229,0.000112441534379
20141230,0.000161657213955
20141231,0.000141319807087
20150101,0.000200255833698
20150102,0.000179094430237
20150104,0.000275029268213
20150105,0.000183348538497
20150106,0.000213252225001
20150107,0.000216110315514
20150108,0.000170982535703
20150109,0.00028528861094
20150111,0.000184588551807
20150112,0.000201428471234
20150113,0.000193281475248
20150114,0.000257622995734
20150115,0.000431306063669
20150116,0.000220310439923
20150118,0.00021207857583
20150119,0.000174573544148
20150120,0.000243264132123
20150121,0.000285765914149
20150122,0.00029014984619
20150123,0.000336082212876
20150125,0.000252532095327
20150126,0.000226542949971
20150127,0.000258193300846
20150128,0.000370865451205
20150129,0.000266269869345
20150130,0.000283332661394
20150201,0.00023253066441
20150202,0.00030142074637
20150203,0.000459813942306
20150204,0.000326700748157
20150205,0.000265559613191
20150206,0.000384941613345
20150208,0.000192825146745
20150209,0.000209459673452
20150210,0.000231640541918
20150211,0.000251403738846
20150212,0.000310888926948
20150213,0.000199822315747
20150215,0.000196236212715
20150216,0.000215028498417
20150217,0.000205469555159
20150218,0.000228343881538
20150219,0.000175546981244
20150220,0.000204891411467
20150222,0.000119939697357
20150223,0.000183557397264
20150224,0.000248522409585
20150225,0.000180716698279
20150226,0.000211196540345
20150227,0.000180480393262
20150301,0.000197938970407
20150302,0.000178664678181
20150303,0.000147719574391
20150304,0.000179002774837
20150305,0.000180893934866
20150306,0.000370641469159
20150308,0.000199281303917
20150309,0.000242507875871
20150310,0.000261774420138
20150311,0.000377193480708
20150312,0.000288949576176
20150313,0.000267629561647
20150315,0.000214371591018
20150316,0.000197105937602
20150317,0.000195864589323
20150318,0.000408555386527
20150319,0.000281546416166
20150320,0.000291531049968
20150322,0.000245109762944
20150323,0.000333493595965
20150324,0.00026608323872
20150325,0.000243479470449
20150326,0.000245647064416
20150327,0.000252466339732
20150329,0.000193744929784
20150330,0.00019877615576
20150331,0.000208935326188
20150401,0.000264480188039
20150402,0.00020268463127
20150403,0.000462166336154
20150405,0.000207785950099
20150406,0.00019959776022
20150407,0.000226997430215
20150408,0.000270012121048
20150409,0.000204349291486
20150410,0.000204603306445
20150412,0.000246636006534
20150413,0.000212315802675
20150414,0.000259055359263
20150415,0.000278428078231
20150416,0.000246273243122
20150417,0.000264901009404
20150419,0.000185618525997
20150420,0.00020210365586
20150421,0.000196465125232
20150422,0.00022136344545
20150423,0.00020462533462
20150424,0.000220053348563
20150426,0.000172116694416
20150427,0.00019282167288
20150428,0.000227734434754
20150429,0.000315335550988
20150430,0.000263003674862
20150501,0.000219008438866
20150503,0.000189795284017
20150504,0.000153896257606
20150505,0.000317838400266
20150506,0.000229010646952
20150507,0.000230893498713
20150508,0.000297190462099
20150510,0.000280385757628
20150511,0.00019712648189
20150512,0.000299446710341
20150513,0.000288537181149
20150514,0.000248083387289
20150515,0.000224811285268
20150517,0.000213487925321
20150518,0.000245532604987
20150519,0.000213551676418
20150520,0.00023993833497
20150521,0.00019577841668
20150522,0.000238782203273
20150524,0.000173355798813
20150525,0.000108980260765
20150526,0.000209469807627
20150527,0.000254720071555
20150528,0.000276334289667
20150529,0.000245678770719
20150531,0.000195546563244
20150601,0.00019497501197
20150602,0.000262443383244
20150603,0.000219027554897
20150604,0.000207559045808
20150605,0.000311347166007
20150607,0.000146982406611
20150608,0.000219562630493
20150609,0.000230236189856
20150610,0.000734385276435
20150611,0.000243891782864
20150612,0.000226435977174
20150614,0.000176852067737
20150615,0.000189366677486
20150616,0.000152616519232
20150617,0.00031055985441
20150618,0.000217396204296
20150619,0.000162430006749
20150621,0.000153496358194
20150622,0.00018101444449
20150623,0.00017792171315
20150624,0.000187950062904
20150625,0.000187993458508
20150626,0.000178118390499
20150628,0.000361853817685
20150629,0.000244682659967
20150630,0.000241447813583
20150701,0.000207830175178
20150702,0.00023794785008
20150703,0.000217613352409
20150705,0.000233110027724
20150706,0.000200635626349
20150707,0.000238654750455
20150708,0.000266232623482
20150709,0.000233209198291
20150710,0.000240877249545
20150712,0.000229447267079
20150713,0.000223463092594
20150714,0.000253850174123
20150715,0.000288383105101
20150716,0.000209074852769
20150717,0.000180410904086
20150719,0.000183525035466
20150720,0.000218476513916
20150721,0.00023151198224
20150722,0.000398316913174
20150723,0.00027920405909
20150724,0.000208856800663
20150726,0.000168463498683
20150727,0.000228452738612
20150728,0.000300553160714
20150729,0.00027250671896
20150730,0.000240389042219
20150731,0.000344115241128
20150802,0.00017821835895
20150803,0.000215016679357
20150804,0.000264938052165
20150805,0.000237362790683
20150806,0.000202976667946
20150807,0.000300452340248
20150809,0.000162298912722
20150810,0.00026608577468
20150811,0.000294910184729
20150812,0.000350985067559
20150813,0.000239411389361
20150814,0.000223818589184
20150816,0.000160877861005
20150817,0.000169365382503
20150818,0.000181410800862
20150819,0.000206337573304
20150820,0.000215805234337
20150821,0.00025564473412
20150823,0.000398056637285
20150824,0.00111819129289
20150825,0.00036171916902
20150826,0.000296204060809
20150827,0.000260064028785
20150828,0.000235760305468
20150830,0.000308738347801
20150831,0.000262755870715
20150901,0.000285046768986
20150902,0.000217613309511
20150903,0.000228031110038
20150904,0.00035998676173
20150906,0.000274339758245
20150907,0.000209971628887
20150908,0.000230266293715
20150909,0.00036231544283
20150910,0.000289094951438
20150911,0.000173696530645
20150913,0.000217975757903
20150914,0.000179274296864
20150915,0.000208163124754
20150916,0.000247023697352
20150917,0.000373066748795
20150918,0.000312084910427
20150920,0.000207239724848
20150921,0.000209059409838
20150922,0.00021423537071
20150923,0.000223743436542
20150924,0.000298045356861
20150925,0.00026044061687
20150927,0.000226332924633
20150928,0.000218025570919
20150929,0.000240648795425
20150930,0.000227956467467
20151001,0.0002399116701
20151002,0.000341299187148
20151004,0.000206175490783
20151005,0.00024997163125
20151006,0.000224334740306
20151007,0.000225485439562
20151008,0.000273098706373
20151009,0.000242216413739
20151011,0.000155763318128
20151012,0.000197163282882
20151013,0.000282473152052
20151014,0.000342427949124
20151015,0.000347474760681
20151016,0.000226015264222
20151018,0.000251238394007
20151019,0.000170646502988
20151020,0.000232401424277
20151021,0.000254452683834
20151022,0.000263820697043
20151023,0.000286240718303
20151025,0.000225554418146
20151026,0.000205581679564
20151027,0.000201074146278
20151028,0.000473174480527
20151029,0.000249565552356
20151030,0.000262902526325
20151101,0.000186586311478
20151102,0.000220386109266
20151103,0.000252974796207
20151104,0.000238166003767
20151105,0.000199176721387
20151106,0.000384036451829
20151108,0.000211558935296
20151109,0.000170406937802
20151110,0.000219036608124
20151111,0.000189977371971
20151112,0.000198099087162
20151113,0.000186774886416
20151115,0.000228934308366
20151116,0.000192995800442
20151117,0.000183376801783
20151118,0.000220358150992
20151119,0.000215749496041
20151120,0.000188846235411
20151122,0.000175987246278
20151123,0.000171954668644
20151124,0.000179032556853
20151125,0.000191433156012
20151126,0.000133015188923
20151127,0.000160943603972
20151129,0.000162494872904
20151130,0.00018250543915
20151201,0.000197583769413
20151202,0.00020290610842
20151203,0.000260423900752
20151204,0.000322014070994
20151206,0.000206705007757
20151207,0.000182836340963
20151208,0.000183559741457
20151209,0.000661725768955
20151210,0.000206084885779
20151211,0.000246803419326
20151213,0.000191619510152
20151214,0.000205614020108
20151215,0.000219843613878
20151216,0.000369333484353
20151217,0.000215983725509
20151218,0.000193038902971
20151220,0.000182799962345
20151221,0.000171317993453
20151222,0.000150915230237
20151223,0.000157120238873
20151224,0.00015286048095
20151227,0.00015914944746
20151228,0.000107978663919
20151229,0.000127073971476
20151230,0.000147771415618
20151231,0.000184732565601
20160103,0.000262899602588
20160104,0.000207865756536
20160105,0.000214754927241
20160106,0.000279287182805
20160107,0.000328620455928
20160108,0.000305432640247
20160110,0.000279512305873
20160111,0.000234513308266
20160112,0.00022135677156
20160113,0.000226181345227
20160114,0.000253344921007
20160115,0.000286502855199
20160117,0.000272192792668
20160118,0.000204007689109
20160119,0.000356503523861
20160120,0.000276355541934
20160121,0.000280147246295
20160122,0.000219567566955
20160124,0.000246291481927
20160125,0.000191108726749
20160126,0.000210837370799
20160127,0.000303053396607
20160128,0.000264202775742
20160129,0.000276797118075
20160131,0.000222565890161
20160201,0.00022364192841
20160202,0.000307428423472
20160203,0.000289320087891
20160204,0.000240534034064
20160205,0.000297737862742
20160207,0.000144069077946
20160208,0.000233646931466
20160209,0.000277796542446
20160210,0.000259299488205
20160211,0.000341743044034
20160212,0.000217821401668
20160214,0.000254780827073
20160215,0.000229536296552
20160216,0.000231810531652
20160217,0.000238000700884
20160218,0.000200676092278
20160219,0.000205116453754
20160221,0.000178967175017
20160222,0.000193438340611
20160223,0.000203049634527
20160224,0.000217321049502
20160225,0.000213647781923
20160226,0.000282966385186
20160228,0.000244958826154
20160229,0.000221043792819
20160301,0.000250309903873
20160302,0.000231555777432
20160303,0.000207104038679
20160304,0.000317080086576
20160306,0.000183165134275
20160307,0.000228572901952
20160308,0.000197489864494
20160309,0.000554186723399
20160310,0.000331048434241
20160311,0.000258719207746
20160313,0.000222014972446
20160314,0.000201148213193
20160315,0.000259913867347
20160316,0.000404133160798
20160317,0.000289246618719
20160318,0.000235197401212
20160320,0.000219156897436
20160321,0.000195414023687
20160322,0.000207255105813
20160323,0.000215354291413
20160324,0.000217013073775
20160325,0.000221486382667
20160327,0.000139091069735
20160328,0.00015700875651
20160329,0.000277576130403
20160330,0.000283551507131
20160331,0.000240922895968
20160401,0.000288168235766
20160403,0.000180031152265
20160404,0.00019269531742
20160405,0.000245564324838
20160406,0.000234181025592
20160407,0.000223341343185
20160408,0.000208933998249
20160410,0.000168995150667
20160411,0.000169881937379
20160412,0.000190431324824
20160413,0.000249595252024
20160414,0.000239589813702
20160415,0.000222171457954
20160417,0.000580169641051
20160418,0.00022572181695
20160419,0.000201793256154
20160420,0.000193473359379
20160421,0.000215990824489
20160422,0.000229568007552
20160424,0.000201667872059
20160425,0.000153441462919
20160426,0.000216414183218
20160427,0.000391268671712
20160428,0.000225709488131
20160429,0.00023328397381
20160501,0.000185872119547
20160502,0.000155189239543
20160503,0.000301756631779
20160504,0.00021913216346
20160505,0.000192269738157
20160506,0.000251814522456
20160508,0.000149622958806
20160509,0.000220346154148
20160510,0.000265932618672
20160511,0.000177876692888
20160512,0.000175908218532
20160513,0.000207247428734
20160515,0.000138558621306
20160516,0.000200144085908
20160517,0.000175184933743
20160518,0.000232903408603
20160519,0.000216837257601
20160520,0.000172797765208
20160522,0.000172040004646
20160523,0.000179663717625
20160524,0.000190353278436
20160525,0.000208394989306
20160526,0.000210690521317
20160527,0.00019303570406
20160529,0.000198798687805
20160530,0.000131241328618
20160531,0.000213446862561
20160601,0.000217855293962
20160602,0.000184086903066
20160603,0.000342620921715
20160605,0.000195258354021
20160606,0.00018242914894
20160607,0.000195170776734
20160608,0.00036821450073
20160609,0.000217591279274
20160610,0.000197814773502
20160612,0.00018366132719
20160613,0.000170460945526
20160614,0.000208374042662
20160615,0.000271134138092
20160616,0.000232015386336
20160617,0.00018335871296
20160619,0.000234309964782
20160620,0.000170184746532
20160621,0.000186590482841
20160622,0.000183736849038
20160623,0.000641370276536
20160624,0.000530139883036
20160626,0.000323326742067
20160627,0.000270641872298
20160628,0.000208035254586
20160629,0.000205737442454
20160630,0.000237645072238
20160701,0.00018682485559
20160703,0.000250839692453
20160704,0.000154684577999
20160705,0.000220453152565
20160706,0.000233463149719
20160707,0.000237325150915
20160708,0.000353644328193
20160710,0.000201142602127
20160711,0.00019401430937
20160712,0.000179071933916
20160713,0.000216565600529
20160714,0.000231630189609
20160715,0.000237378779007
20160717,0.000375127915487
20160718,0.000221027590024
20160719,0.000191760226866
20160720,0.000296226576123
20160721,0.0002154974452
20160722,0.000152101993143
20160724,0.000206490853906
20160725,0.000121140673921
20160726,0.000253441361926
20160727,0.000249974092511
20160728,0.000205525346158
20160729,0.000235819809587
20160731,0.000196734300039
20160801,0.000159392560395
20160802,0.000221438754463
20160803,0.000174008974544
20160804,0.000178357168193
20160805,0.00027283839534
20160807,0.000192260508919
20160808,0.000142988008145
20160809,0.000165128948107
20160810,0.000435946420282
20160811,0.000199167101495
20160812,0.000218656711222
20160814,0.000144109879446
20160815,0.000147406041531
20160816,0.000268853413889
20160817,0.000267211018029
20160818,0.000195402628812
20160819,0.00018471267745
20160821,0.000219560263746
20160822,0.00025217997723
20160823,0.000171571094954
20160824,0.000172849187253
20160825,0.000136569182149
20160826,0.000336062206997
20160828,0.000191017269165
20160829,0.000166332820296
20160830,0.000160078453336
20160831,0.000197440203971
20160901,0.000200274794738
20160902,0.00028890165469
20160904,0.00017065209513
20160905,0.000133132595512
20160906,0.000208019099636
20160907,0.000173008228778
20160908,0.000194488493516
20160909,0.000214701351937
20160911,0.000138036457675
20160912,0.000224334093728
20160913,0.000216832189906
20160914,0.000210537100069
20160915,0.000224832091286
20160916,0.000198574548196
20160918,0.000140102752234
20160919,0.00013708883413
20160920,0.000180838572732
20160921,0.000279901313515
20160922,0.000178810281353
20160923,0.000192366233124
20160925,0.000164506780391
20160926,0.000173150667684
20160927,0.000185847250585
20160928,0.00017055693151
20160929,0.000182209018073
20160930,0.000206057865122
20161002,0.000155110481286
20161003,0.00015937421979
20161004,0.000179784863771
20161005,0.000187570336659
20161006,0.000180344260555
20161007,0.000261558032825
20161009,0.000225233661507
20161010,0.000146920688515
20161011,0.000186764305487
20161012,0.000216077925533
20161013,0.000198687986012
20161014,0.000201145765571
20161016,0.000158092921159
20161017,0.000189536737274
20161018,0.000164283680687
20161019,0.00018989468123
20161020,0.000164733380425
20161021,0.000144370796574
20161023,0.000137613346532
20161024,0.000133916942425
20161025,0.00016109563643
20161026,0.000152353132842
20161027,0.000147918489618
20161028,0.000188479184914
20161030,0.000150906839715
20161031,0.000125677970649
20161101,0.000185067147995
20161102,0.000167793217844
20161103,0.000157959731979
20161104,0.000162616227466
20161106,0.00018527607413
20161107,0.000128790647283
20161108,0.000287198156024
20161109,0.000411057728154
20161110,0.00027423094425
20161111,0.000244178496792
20161113,0.000258297474875
20161114,0.000203031802688
20161115,0.000215952123171
20161116,0.000212556605918
20161117,0.000200165297095
20161118,0.000202520462982
20161120,0.000203725085793
20161121,0.000180351077019
20161122,0.000145171138905
20161123,0.000190393599972
20161124,0.000183015600781
20161125,0.000193563748793
20161127,0.000194583568119
20161128,0.000148352846629
20161129,0.000174541007858
20161130,0.000194706978487
20161201,0.000162142102696
20161202,0.000192737869885
20161204,0.00033997741189
20161205,0.000302005210775
20161206,0.000149194214388
20161207,0.000141354687938
20161208,0.000175295626266
20161209,0.000170174643643
20161211,0.000161228748119
20161212,0.000154526344933
20161213,0.00014244721097
20161214,0.00024012191575
20161215,0.000180991251155
20161216,0.000206277457466
20161218,0.000175958623631
20161219,0.000138711893932
20161220,0.000148855147786
20161221,0.000177518774051
20161222,0.000147840332926
20161223,0.000119223886107
20161225,0.000190707102378
20161226,0.000138918897065
20161227,0.000102072956254
20161228,0.000129418073765
20161229,0.000146919337338
20161230,0.000161516928134
20170102,0.00018315333071
20170103,0.000188186250457
20170104,0.000211141370781
20170105,0.000218928582115
20170106,0.000196560467371
20170108,0.000136067843496
20170109,0.00018714511134
20170110,0.000187375442155
20170111,0.000273850877527
20170112,0.000220357238532
20170113,0.000223757778304
20170115,0.00022913246307
20170116,0.0001534516801
20170117,0.000221195642295
20170118,0.000170244839736
20170119,0.00022256717877
20170120,0.000228744843023
20170122,0.000199306016503
20170123,0.000195799530737
20170124,0.000178729988597
20170125,0.000228019046126
20170126,0.000177273760179
20170127,0.00018534386307
20170129,0.00012873337698
20170130,0.000152580767723
20170131,0.00021669714519
20170201,0.000216077035695
20170202,0.000172340424964
20170203,0.000216242248791
20170205,0.000181914120343
20170206,0.000194557393497
20170207,0.000170947791972
20170208,0.000241514225758
20170209,0.000186952045256
20170210,0.000149290269064
20170212,0.000143518216769
20170213,0.000133859480125
20170214,0.000163223147666
20170215,0.000181563674859
20170216,0.000170733316807
20170217,0.000141116314882
20170219,0.000102892745072
20170220,9.75891006039e-05
20170221,0.000114751604382
20170222,0.000162472272415
20170223,0.000153672024753
20170224,0.000148174694339
20170226,0.000138151721579
20170227,0.000126401812432
20170228,0.000176505546081
20170301,0.000215995228824
20170302,0.000170002072044
20170303,0.000199167310896
20170305,0.00019253855858
20170306,0.000147812980388
20170307,0.000168188401604
20170308,0.000151977377955
20170309,0.000154048982128
20170310,0.000220872189698
20170312,0.000149613076141
20170313,0.000132551655342
20170314,0.000127040774997
20170315,0.000277799039531
20170316,0.000166334806234
20170317,0.000158594729906
20170319,0.000143092751845
20170320,0.00014290746762
20170321,0.000165461446258
20170322,0.000177174729904
20170323,0.00013996831983
20170324,0.000136676140682
20170326,0.000143108204982
20170327,0.000127258375614
20170328,0.000142737453268
20170329,0.000120866690318
20170330,0.000127512961128
20170331,0.000130663350628
20170402,0.000150483363025
20170403,0.000108519697068
20170404,0.000119069614155
20170405,0.000133760735872
20170406,0.000112626527173
20170407,0.000167133423249
20170409,0.000138928215188
20170410,9.576893053e-05
20170411,0.000114342456565
20170412,0.000165438482206
20170413,0.000140583249465
20170414,0.000157769621439
20170416,0.000203398371589
20170417,0.000124292420213
20170418,0.000120707019658
20170419,0.000161979517732
20170420,0.000126420285646
20170421,0.000113721275574
20170423,0.000157885087684
20170424,9.85761416149e-05
20170425,0.000132093023965
20170426,0.000155956928512
20170427,0.000133900432184
20170428,0.000124690267118
